100
7 85 107
2 55 57
9 13 46
9 35 57
9 82 91
9 7 34
5 60 73
7 76 93
7 67 80
3 58 61
9 83 98
8 89 121
3 40 45
12 46 58
3 75 83
9 7 40
5 82 97
11 59 103
7 25 32
4 64 75
9 10 40
5 58 63
6 85 91
5 94 108
8 54 107
6 22 58
5 18 23
3 74 87
6 83 114
1 25 26
8 23 45
5 69 74
5 11 20
6 17 42
10 8 31
5 22 40
4 77 97
3 80 89
5 78 96
4 92 96
10 95 105
3 19 25
5 81 101
6 87 97
8 80 118
4 29 33
4 91 104
6 39 45
11 48 121
3 60 68
6 45 57
4 37 55
5 32 45
1 62 67
4 62 76
5 33 52
10 93 126
7 71 108
3 23 35
3 14 23
4 13 34
9 25 74
9 52 88
3 56 67
6 83 89
4 42 66
3 92 95
2 32 34
10 10 20
6 30 44
9 78 104
9 53 80
5 63 70
6 31 37
8 62 107
7 68 102
9 8 38
10 1 11
5 88 114
6 45 53
6 55 74
7 9 41
7 61 68
9 65 80
4 25 44
5 1 33
6 12 18
6 50 69
7 56 68
2 27 29
1 30 33
9 25 44
5 72 77
6 80 98
4 31 47
7 10 22
7 49 59
4 10 19
10 48 108
9 62 97
