150
2 43 49
1 32 34
3 37 47
4 60 68
2 29 33
5 20 25
3 62 75
1 62 69
1 42 45
6 7 29
2 50 56
1 66 67
1 12 14
5 19 24
2 26 33
5 22 27
1 49 52
4 18 24
4 53 57
4 60 75
5 23 29
2 1 7
7 11 18
4 25 41
2 45 49
1 34 37
2 72 80
3 27 33
4 13 26
3 10 35
1 57 59
2 60 71
3 12 15
5 42 47
1 9 13
1 36 37
4 64 68
6 36 67
4 36 40
3 57 62
3 37 42
1 5 7
5 1 13
2 14 19
2 29 34
2 11 22
2 53 58
5 41 74
1 33 37
2 72 77
4 2 23
2 7 12
3 60 63
2 58 60
1 56 58
4 59 82
2 55 71
4 69 73
6 20 38
5 6 13
4 14 25
1 46 47
2 28 30
2 72 81
3 33 49
3 16 23
4 25 32
3 10 13
5 51 74
2 73 80
3 75 85
6 41 67
1 24 25
2 60 64
4 32 52
3 16 27
4 71 88
1 10 12
4 37 41
4 8 23
3 6 16
1 40 41
4 49 64
2 26 28
3 22 25
4 50 55
2 66 68
2 19 23
4 43 51
5 53 79
1 39 42
4 37 53
3 5 10
3 14 18
2 74 86
5 48 72
1 59 67
4 74 85
2 9 14
4 24 32
3 5 22
2 68 74
1 17 19
5 68 78
1 12 13
1 34 38
6 54 60
6 48 67
5 35 60
3 38 41
7 72 90
2 64 67
1 33 36
2 45 47
1 45 49
4 74 84
3 39 48
3 68 82
1 49 52
2 75 77
3 21 31
3 31 34
3 59 74
5 68 87
3 29 41
4 58 62
5 34 48
4 45 66
1 19 20
4 57 71
4 27 35
6 41 67
2 29 31
1 69 75
7 41 56
6 54 60
1 62 64
6 54 60
5 3 14
3 49 52
1 75 76
1 1 7
1 10 12
3 1 9
3 32 35
2 56 62
3 68 81
4 2 6
3 44 50
2 34 42
