200
8 112 120
3 54 57
9 101 122
10 224 252
7 106 133
9 191 224
9 173 191
14 106 130
12 34 74
11 222 233
8 116 129
11 161 178
6 65 80
5 56 74
16 124 166
9 30 92
8 127 135
6 174 180
9 225 234
7 196 204
5 116 121
8 212 225
11 201 241
4 206 210
6 109 115
3 73 96
6 185 209
7 205 223
9 59 93
8 51 71
6 87 94
7 252 290
3 47 50
12 125 137
5 142 147
6 191 202
4 149 160
7 80 89
6 220 253
4 216 224
6 251 279
5 159 173
10 70 117
8 169 177
7 151 183
6 204 224
7 196 205
8 204 212
6 110 127
6 263 283
8 163 190
5 73 92
6 171 189
9 1 10
13 239 276
13 162 193
11 13 38
6 60 66
9 103 112
10 264 285
5 177 198
6 120 143
10 75 98
7 228 251
8 3 29
5 239 258
5 131 149
5 12 31
8 91 151
12 98 110
6 149 177
6 157 185
7 109 137
10 135 158
11 227 238
5 110 120
8 156 165
6 246 268
14 128 162
8 97 130
8 164 172
7 262 276
6 25 66
8 199 215
13 70 83
10 125 174
16 216 287
14 71 115
10 263 283
10 195 234
7 232 239
9 194 226
5 210 230
6 97 103
8 158 166
5 196 220
10 178 214
7 71 99
6 113 147
7 119 171
11 67 126
4 94 113
4 170 192
9 170 179
8 202 219
4 76 91
5 164 184
8 216 225
7 171 178
10 1 66
10 171 181
6 153 170
9 96 169
3 106 112
7 202 223
7 226 238
7 121 138
10 127 188
7 42 49
8 50 61
10 208 233
9 163 197
6 148 162
9 20 40
6 158 178
9 146 161
5 78 110
11 161 196
8 141 170
8 221 248
9 241 269
5 223 228
7 191 213
7 54 77
9 148 169
8 103 129
8 110 149
7 204 225
10 210 243
7 132 170
7 167 185
10 83 124
10 174 225
7 2 17
6 224 237
5 169 174
9 246 255
6 126 132
12 236 288
11 114 139
12 215 234
9 73 125
2 204 215
16 248 268
7 196 209
15 223 276
11 240 289
6 86 112
11 30 90
11 145 212
6 82 105
7 125 144
6 218 241
8 247 262
3 161 171
13 186 254
9 258 271
13 260 279
8 71 101
7 258 300
9 15 52
8 138 198
2 207 217
8 224 232
8 169 185
10 12 40
11 37 48
12 53 65
13 147 160
8 197 235
5 58 77
6 263 270
11 54 74
8 247 271
9 115 149
5 205 219
6 98 104
8 37 58
8 82 126
10 31 58
9 168 206
9 234 273
4 243 252
11 232 254
6 11 20
11 261 287
9 231 245
15 179 194
8 103 139
11 173 219
