250
3 80 88
6 96 115
5 70 82
3 113 116
4 110 114
2 95 105
3 20 30
2 34 41
8 67 110
9 112 161
2 68 70
4 108 126
4 3 34
2 64 68
5 62 67
3 83 100
6 38 79
6 112 139
6 81 112
6 23 53
5 119 136
7 5 36
1 84 89
3 52 62
1 18 21
3 42 54
3 39 42
1 10 14
2 18 25
1 13 19
2 13 18
3 91 99
3 103 106
2 111 113
4 73 80
4 3 18
1 48 53
4 58 70
5 56 64
1 85 89
1 57 59
2 57 65
4 65 82
6 20 39
5 57 62
3 39 47
5 76 87
1 37 42
3 84 96
5 51 56
5 27 32
4 77 101
1 68 69
3 80 84
2 90 94
1 43 47
5 28 43
4 69 86
5 99 115
2 59 66
4 117 121
3 69 86
4 39 43
2 8 18
6 6 19
2 84 94
2 58 67
2 32 35
4 93 111
1 106 108
1 8 11
4 118 132
4 97 124
4 34 54
3 20 24
2 30 33
2 92 101
3 6 9
2 43 51
3 70 85
2 114 121
5 14 38
8 46 64
2 34 47
1 4 7
1 25 28
3 82 85
2 9 20
4 117 121
1 85 86
4 112 116
2 44 49
3 100 103
3 104 107
3 111 119
2 68 70
2 84 86
2 92 103
1 34 37
4 95 105
3 46 51
2 121 127
3 83 97
7 1 30
2 63 74
3 108 116
1 115 116
4 36 40
1 118 121
3 60 67
3 89 112
2 106 114
5 71 81
1 2 5
3 22 45
3 87 98
3 22 30
6 80 109
2 117 130
5 50 55
1 82 86
4 66 72
3 113 126
5 13 22
1 13 15
2 24 26
4 97 119
1 90 91
4 11 15
4 40 58
1 60 63
2 63 73
2 117 126
4 72 84
6 41 50
5 100 116
4 8 30
3 109 124
1 54 55
4 26 46
1 114 117
2 110 117
3 29 32
3 109 116
3 78 81
2 110 112
3 45 63
1 64 65
3 28 40
2 64 71
1 23 26
2 63 67
1 51 55
1 17 19
4 10 17
2 73 81
3 15 32
3 68 79
1 103 108
2 47 51
1 110 114
3 54 67
7 37 80
4 15 19
1 60 64
2 43 49
3 8 11
5 28 44
2 31 43
1 94 96
3 19 24
4 114 118
3 24 31
1 24 25
5 24 29
1 45 46
3 25 50
3 62 65
2 42 49
3 64 73
7 101 108
3 40 48
3 76 88
3 73 78
5 106 111
2 3 14
1 83 87
1 12 14
3 13 24
6 122 154
1 119 120
1 97 98
1 80 83
4 100 110
2 116 118
2 55 64
4 2 6
2 37 47
6 64 73
5 58 77
1 22 23
4 122 131
2 95 97
5 46 64
4 70 82
2 70 81
2 74 80
3 13 23
3 22 36
2 13 17
5 36 59
2 122 124
1 48 49
4 13 34
3 73 88
3 60 65
4 83 97
3 48 55
6 87 110
2 35 47
5 89 97
3 13 21
3 98 101
1 20 21
1 119 121
5 59 70
2 50 61
2 118 120
2 98 102
2 50 53
6 120 135
4 114 124
2 72 78
2 95 98
3 119 128
5 51 66
1 33 35
3 98 102
3 37 44
1 3 4
2 105 109
3 64 75
3 3 23
7 25 40
2 87 93
1 27 28
1 57 62
4 61 76
1 43 45
3 60 68
