300
6 331 350
7 344 351
15 184 199
11 246 310
12 364 376
14 288 354
7 155 162
18 364 419
10 440 462
11 141 168
9 401 438
14 141 168
8 159 182
9 83 98
8 308 320
9 337 346
8 443 459
10 70 129
11 425 458
8 340 364
6 213 249
6 344 367
12 256 273
9 446 491
20 388 464
3 209 225
10 126 180
14 401 415
11 407 418
7 126 151
4 246 250
6 82 88
10 266 327
14 398 419
8 282 327
6 353 384
10 338 382
10 413 440
10 113 128
13 57 135
11 441 494
5 92 116
9 258 282
10 4 34
9 8 46
10 281 334
7 407 414
7 307 333
7 427 442
4 112 128
7 54 72
5 312 317
11 254 294
8 83 113
11 304 332
5 398 428
14 33 73
14 350 416
15 244 259
7 434 462
5 279 285
9 283 324
6 368 386
7 91 111
11 133 148
12 355 409
17 400 499
11 177 191
5 119 144
9 201 237
13 226 260
9 283 312
6 354 365
9 435 488
9 89 101
14 210 234
9 396 419
9 181 190
8 268 276
16 24 47
10 202 243
16 45 69
7 37 62
10 195 244
8 387 421
8 428 442
14 446 504
9 206 215
6 285 303
5 265 270
8 127 176
8 229 243
11 403 440
6 443 459
14 431 445
10 277 302
5 231 239
10 379 414
8 36 68
8 376 388
9 340 395
8 154 215
9 379 416
10 145 157
12 79 113
6 121 127
7 177 208
5 155 170
10 403 421
12 158 174
10 342 380
8 100 135
6 142 172
9 191 232
9 168 208
8 109 130
9 334 359
5 42 47
7 146 183
8 194 213
11 297 318
8 404 440
9 283 292
9 355 380
12 188 216
11 91 151
10 418 430
7 450 478
8 397 405
10 342 352
13 407 488
13 98 168
13 284 298
9 347 366
10 27 55
7 76 103
12 294 338
3 206 210
6 450 456
7 21 38
4 203 216
11 394 428
6 62 86
11 151 203
10 196 259
7 174 181
12 216 242
11 332 365
9 103 143
10 33 57
1 135 138
8 432 440
7 331 368
9 47 93
7 226 266
12 264 337
9 283 305
6 397 409
11 204 251
10 64 112
9 371 394
7 231 248
9 82 116
6 49 63
4 314 324
11 240 276
16 104 176
8 360 382
6 89 111
9 75 84
8 282 306
13 184 255
6 397 434
10 387 429
10 315 333
4 262 276
6 249 279
8 193 219
11 85 118
7 304 335
12 385 426
12 175 187
4 443 454
8 318 326
11 146 204
7 52 75
7 78 93
10 132 142
9 151 206
8 205 232
7 259 300
11 344 388
10 42 57
7 322 329
15 61 173
11 87 148
6 110 117
9 334 343
5 167 176
10 195 231
14 433 456
16 16 92
13 281 320
10 1 32
10 92 102
6 238 258
6 69 87
12 134 151
10 158 191
10 444 469
10 236 283
9 244 259
6 153 186
7 153 185
11 260 327
9 354 376
6 191 209
8 206 229
11 303 322
8 80 114
12 282 313
18 95 165
7 301 323
12 51 92
12 164 193
8 86 115
6 234 256
12 280 317
11 327 390
6 101 130
9 395 435
12 216 243
7 178 195
12 200 225
8 14 22
15 375 424
10 70 85
9 213 244
12 4 16
5 190 200
11 353 435
10 61 109
10 53 70
8 192 211
7 102 128
12 165 230
6 429 462
6 110 150
7 137 168
5 396 410
8 75 112
9 300 320
4 48 57
9 142 163
9 208 235
7 418 426
10 276 321
14 50 119
7 264 271
11 94 113
6 311 336
5 125 141
10 13 55
8 89 143
12 288 321
6 389 428
3 356 362
10 355 380
5 210 232
2 304 310
6 412 427
7 115 122
9 286 300
4 310 325
9 33 96
13 337 377
9 138 147
8 177 196
11 254 318
5 19 42
14 161 187
9 315 345
7 317 339
13 14 27
12 396 440
10 323 342
8 141 165
15 114 212
8 309 343
3 230 236
9 294 322
8 203 223
9 276 301
12 332 376
9 353 362
9 256 265
8 207 215
11 367 387
6 68 89
14 198 245
