350
10 207 217
15 539 621
14 38 133
6 80 114
9 151 166
13 291 349
7 36 63
18 303 352
8 386 411
11 146 157
7 75 94
15 259 330
7 377 392
6 115 121
15 567 609
16 244 324
4 37 53
12 161 212
13 200 224
12 192 259
8 192 239
7 41 53
10 337 371
15 76 101
11 517 529
15 56 107
7 241 280
13 225 256
8 221 247
10 234 261
8 478 494
7 252 281
7 524 532
8 61 79
12 326 338
9 197 226
13 357 425
7 27 54
14 288 327
15 578 593
8 458 466
8 112 163
5 344 367
13 245 258
8 268 298
8 504 512
11 17 28
11 450 503
7 166 173
14 420 455
10 200 223
8 298 340
13 175 213
11 64 75
10 255 273
11 183 202
9 479 507
11 174 239
12 443 473
10 116 158
11 19 50
6 344 363
12 79 127
16 270 330
10 438 462
12 349 375
5 105 123
12 21 54
13 126 167
14 285 315
7 31 61
10 121 131
9 86 124
12 166 236
8 530 542
5 75 89
11 421 463
8 269 316
15 91 112
10 176 215
10 98 121
13 341 377
16 538 615
13 168 219
8 138 161
10 273 283
16 280 332
11 322 377
11 468 507
6 161 180
13 89 126
12 297 330
6 421 430
9 395 465
8 423 431
11 576 587
10 378 395
5 367 390
7 198 219
5 32 47
6 244 271
18 396 414
12 222 267
11 264 339
7 93 100
11 455 494
12 41 101
5 44 49
8 140 179
6 491 497
9 293 318
9 149 198
9 270 284
12 49 77
9 205 214
5 209 214
10 310 344
8 37 64
13 86 141
14 7 70
4 578 594
6 456 465
11 169 202
8 477 511
7 430 457
8 567 620
11 350 361
11 479 500
6 125 159
11 196 246
18 243 285
10 238 279
5 317 327
11 220 246
13 121 185
12 206 284
5 388 410
12 99 196
5 20 41
7 15 26
13 297 361
21 50 137
12 191 225
9 229 283
13 363 414
3 86 91
14 399 437
9 62 95
11 571 582
11 144 205
12 512 575
13 578 592
9 293 320
16 437 453
9 386 395
10 568 617
16 326 342
10 458 486
20 142 279
7 567 587
9 200 246
8 223 233
11 345 361
9 170 187
9 511 530
10 265 291
16 541 570
11 434 485
15 427 495
6 122 147
10 178 201
11 464 527
11 220 281
13 193 216
11 459 484
11 166 212
6 215 249
10 92 158
8 349 398
8 211 244
13 57 86
8 16 56
11 444 470
16 306 346
4 422 433
6 322 374
9 13 83
11 334 345
13 429 442
10 292 321
5 183 205
13 296 370
10 129 149
6 42 63
10 522 555
8 115 139
11 73 113
13 248 287
6 143 152
9 239 297
17 222 281
11 342 353
17 337 354
11 283 327
5 397 402
7 299 306
6 558 583
16 289 366
13 311 324
16 312 370
10 301 311
9 270 329
9 533 542
9 207 260
9 488 510
5 530 549
16 415 505
11 536 575
12 425 446
9 348 407
7 467 475
10 31 71
9 370 394
13 478 548
8 290 323
9 29 73
13 363 409
12 577 615
11 354 365
10 404 425
13 259 272
11 121 132
10 200 239
11 532 543
12 503 552
12 464 526
7 389 418
14 358 428
12 106 137
10 61 91
8 65 87
3 421 424
11 434 445
7 425 436
7 305 331
12 168 195
9 407 442
12 58 93
8 134 163
9 422 449
8 535 572
12 274 318
7 520 527
12 485 497
10 313 323
13 491 509
5 66 85
11 213 224
14 498 537
12 116 128
11 238 293
10 268 278
17 506 590
12 237 258
12 170 212
8 264 272
6 89 120
5 541 562
11 68 83
15 169 269
12 240 270
15 212 317
10 186 199
10 545 555
9 574 583
13 517 530
9 362 390
12 344 356
14 149 163
12 201 234
7 533 540
6 79 91
10 146 220
16 540 589
9 544 555
5 318 328
12 116 168
9 181 216
13 505 518
15 463 569
7 333 340
10 107 165
7 118 157
8 128 165
3 350 354
10 433 443
6 6 16
10 532 551
14 16 30
8 64 104
17 297 360
10 253 333
8 496 515
12 361 373
4 334 344
5 80 110
6 574 604
8 478 506
10 376 405
10 266 277
6 4 10
11 547 592
13 344 384
15 489 556
10 154 205
7 304 354
10 181 211
16 401 470
13 8 51
10 123 133
7 479 497
7 163 170
15 302 367
15 165 226
12 62 96
13 420 446
11 366 387
6 89 117
9 199 232
12 95 107
11 153 192
6 309 322
12 8 46
14 571 623
7 400 446
8 266 299
10 31 49
10 96 106
8 552 572
13 239 280
8 540 572
9 49 96
10 191 206
14 133 180
11 572 652
7 448 486
11 267 283
5 179 191
4 417 433
10 368 418
