400
9 378 387
6 364 370
7 32 77
8 50 65
11 577 594
7 91 115
4 135 140
11 407 452
7 517 534
8 423 455
9 218 232
7 196 250
5 344 363
6 478 505
6 12 49
9 479 493
10 74 121
8 310 326
14 241 305
10 508 518
6 424 433
8 524 539
9 497 530
7 438 474
9 560 577
14 392 460
8 205 227
10 93 103
7 163 179
6 396 417
8 198 233
11 540 595
8 495 503
11 37 85
8 71 118
12 559 603
9 121 130
9 592 606
17 527 544
12 456 468
10 378 442
13 574 610
7 460 467
11 233 245
16 409 445
14 190 228
8 385 427
10 37 122
4 450 457
13 348 408
3 408 411
5 168 194
12 541 562
10 437 482
6 449 482
11 488 545
8 277 288
8 94 102
10 570 620
9 465 474
9 378 425
13 234 247
9 523 539
11 262 316
9 478 527
8 181 189
13 318 333
13 324 362
10 414 485
8 441 449
11 333 370
3 94 110
4 134 142
9 125 141
10 547 564
8 567 575
10 370 413
9 252 276
12 162 174
7 456 471
13 386 419
3 283 301
11 563 581
13 583 688
2 360 372
9 222 253
7 476 508
9 333 342
12 339 375
12 89 135
7 374 381
6 421 434
10 468 483
9 352 372
8 142 174
12 584 648
8 187 219
13 512 563
6 497 528
13 296 351
8 488 516
7 378 411
9 543 578
4 504 514
8 133 141
7 230 262
13 455 500
8 268 276
8 181 189
9 513 561
10 176 186
6 489 523
12 473 485
4 118 122
8 578 601
6 502 539
12 9 65
9 570 586
13 280 305
10 126 151
9 448 491
11 381 410
11 308 327
9 499 508
8 367 395
6 354 376
9 212 224
8 160 193
8 232 240
12 18 48
9 124 142
2 498 501
8 479 495
9 117 154
11 172 183
7 531 542
5 564 604
16 568 584
9 590 605
10 194 224
11 530 558
8 206 214
7 312 339
11 65 123
8 113 139
6 99 121
6 336 369
12 308 320
12 328 344
14 462 490
13 32 75
10 99 138
8 475 486
17 356 428
3 136 153
8 594 619
14 427 486
9 189 260
10 156 195
11 529 559
7 311 341
7 50 58
8 528 552
12 356 400
7 225 232
9 478 487
7 301 339
13 254 306
11 397 451
11 430 441
11 511 586
13 426 482
9 358 404
6 433 439
9 543 561
9 457 488
13 372 396
11 460 499
7 552 588
6 70 84
14 485 540
10 165 206
6 492 515
4 171 175
7 537 554
11 141 177
9 516 543
7 463 488
12 444 490
11 427 455
11 428 439
6 347 354
10 96 123
8 146 154
11 561 588
2 374 381
6 330 347
12 441 478
8 126 134
7 224 248
9 350 377
5 40 63
13 543 580
10 572 591
8 239 267
9 532 554
7 86 105
11 156 203
5 462 467
7 49 89
8 383 404
14 107 135
8 184 192
13 130 180
10 556 605
8 111 155
8 554 577
10 440 461
6 159 200
16 321 337
8 17 42
8 323 332
10 118 151
15 205 294
11 522 546
9 254 291
11 493 530
10 114 163
9 3 47
8 567 575
7 115 126
10 110 146
12 142 154
6 386 404
7 498 522
7 155 162
8 119 143
12 535 547
6 390 418
11 331 374
11 316 360
7 126 159
8 397 418
13 42 109
9 302 313
3 448 456
9 380 389
10 239 293
9 466 505
10 48 89
6 363 393
9 154 185
10 277 287
11 248 287
15 249 326
10 193 213
13 462 475
10 440 475
5 330 356
8 235 269
11 442 476
9 42 51
9 184 193
13 525 543
5 292 306
3 453 470
5 294 308
12 172 215
8 455 472
17 59 120
6 406 412
6 65 102
5 115 132
12 152 250
5 400 428
10 496 519
11 6 43
4 565 569
7 509 558
9 504 538
12 303 315
9 248 271
10 214 259
2 128 137
9 524 533
18 232 250
9 47 89
4 558 577
10 111 130
6 10 16
5 572 577
10 550 560
12 132 171
12 241 253
10 465 504
9 348 387
5 167 177
7 464 489
9 194 238
4 583 587
13 184 197
10 131 155
9 278 332
21 297 358
15 247 267
6 164 170
3 382 388
7 475 490
10 539 588
6 594 646
5 320 342
8 483 491
16 21 37
5 470 496
5 220 227
9 217 248
8 478 516
7 578 618
14 222 316
9 351 396
7 214 235
13 41 85
11 155 192
4 106 118
11 150 182
8 186 206
7 188 228
5 565 574
7 179 224
10 416 427
5 227 232
12 423 484
4 178 186
9 322 331
12 564 581
9 247 276
9 98 111
6 385 413
7 583 598
14 320 369
8 14 52
8 95 108
6 267 293
9 328 350
8 483 491
9 511 532
9 411 420
8 485 510
7 222 257
9 556 572
4 150 157
10 129 139
11 16 46
6 551 561
10 571 608
9 262 271
6 165 171
13 197 210
7 409 427
9 88 99
10 228 291
11 248 279
7 48 62
10 548 558
6 52 80
6 569 575
10 275 301
14 361 413
11 501 546
6 350 356
5 469 480
12 70 98
8 266 298
13 241 313
10 526 552
7 41 53
12 190 215
11 464 490
10 342 352
14 338 352
11 344 381
8 334 349
10 77 109
7 308 331
10 343 372
9 289 300
8 103 144
8 324 346
14 586 603
8 591 633
11 321 343
9 179 209
4 240 246
6 82 104
11 274 321
8 414 430
9 288 328
10 133 143
7 179 197
9 553 582
