450
7 364 371
8 204 219
8 278 319
8 132 173
7 57 80
10 360 379
9 435 445
4 154 158
7 26 51
9 246 263
6 181 197
6 91 114
6 442 465
11 191 250
2 124 129
5 54 66
5 357 377
9 301 345
3 78 81
6 92 103
4 138 161
11 327 380
8 208 236
4 102 106
6 450 460
3 185 191
3 58 61
3 60 64
8 421 441
6 419 447
12 126 169
7 73 80
6 174 211
6 291 299
5 339 346
2 333 338
8 137 166
7 154 170
4 237 253
5 186 193
6 42 53
6 24 39
6 282 311
3 33 42
8 342 369
7 294 318
3 50 57
6 234 240
9 138 188
5 72 92
3 299 313
4 204 225
9 243 252
4 440 457
14 69 87
7 213 220
6 293 315
6 414 475
7 389 457
6 191 207
7 441 460
5 238 247
9 91 161
4 160 174
3 214 234
7 36 60
7 360 370
9 257 270
7 69 76
7 2 15
7 292 300
7 48 78
7 398 425
9 208 253
5 136 155
4 115 121
7 38 90
5 270 302
7 312 340
7 90 129
7 172 179
6 252 263
4 15 34
6 113 143
8 232 255
4 32 36
5 29 44
5 28 45
6 17 46
7 335 372
7 347 389
8 131 197
5 252 262
6 274 305
4 138 146
11 66 119
5 392 401
6 376 393
7 138 156
7 376 407
4 136 144
7 38 45
5 182 198
6 94 121
7 360 382
4 402 418
2 159 163
6 18 54
4 240 256
4 449 458
8 67 91
2 224 226
5 197 205
4 227 232
5 408 434
4 55 59
7 433 479
9 125 155
6 160 166
4 409 422
8 91 135
4 414 427
4 274 285
7 363 385
10 398 408
12 421 449
8 166 195
4 76 87
7 296 307
6 128 149
6 381 404
3 189 192
6 31 58
7 217 237
6 76 106
2 13 15
11 412 426
6 120 143
5 13 29
9 134 162
8 440 448
7 386 397
7 271 278
6 434 440
7 242 276
2 104 106
10 112 140
3 67 86
6 49 63
7 419 426
8 171 206
8 330 349
10 91 110
7 227 237
6 173 195
8 163 201
6 130 161
8 379 387
4 404 412
7 91 117
6 215 242
6 319 334
6 120 145
9 375 408
6 395 410
3 421 424
7 195 226
7 135 146
6 132 150
5 436 458
9 167 203
6 380 393
6 377 390
5 66 78
4 248 263
4 446 450
6 402 420
5 358 363
1 337 342
8 304 334
6 176 182
1 330 331
4 336 354
3 316 331
3 224 237
4 394 398
1 180 183
3 34 44
2 263 268
9 22 31
4 41 45
2 103 105
8 398 435
8 51 81
7 417 453
9 97 137
5 388 407
3 296 306
5 445 468
5 50 78
4 117 121
4 40 50
7 393 415
9 223 283
9 361 414
9 79 91
3 324 328
4 313 332
5 282 306
6 381 404
4 407 420
5 271 286
3 160 163
13 236 298
5 390 420
7 322 381
6 88 94
8 353 383
8 146 181
4 375 379
8 443 465
6 94 106
4 128 147
8 99 108
5 59 85
6 103 111
7 32 39
7 126 151
5 349 355
3 434 450
5 168 184
6 235 258
10 411 426
10 180 199
7 255 293
5 121 132
5 262 288
9 244 280
6 56 63
9 292 317
10 154 216
1 134 136
4 363 378
3 216 225
8 81 99
3 190 195
6 281 288
7 212 229
3 20 23
4 247 251
9 369 410
7 269 296
8 79 107
7 229 260
8 54 109
5 233 250
2 210 216
5 117 131
7 297 313
3 286 296
4 200 212
11 367 402
5 60 78
4 352 361
7 130 141
8 322 344
10 3 39
8 416 449
5 102 122
4 352 363
5 411 419
4 161 178
4 394 403
7 91 146
4 443 456
3 425 441
4 97 104
9 134 155
8 108 145
7 159 204
3 340 351
7 330 337
4 401 412
4 206 221
5 283 295
10 297 321
5 126 149
6 90 96
9 44 53
6 100 111
3 143 160
7 375 383
6 185 191
4 382 407
10 135 173
8 30 65
7 322 351
4 102 119
8 89 110
7 174 227
7 307 344
9 187 229
5 435 440
3 361 374
8 358 379
6 54 73
5 246 261
4 339 343
5 428 436
4 305 320
8 242 278
5 196 201
8 94 105
3 429 434
5 15 23
6 231 240
3 271 296
4 56 66
7 409 437
3 402 405
13 406 477
4 327 331
7 391 410
6 436 442
12 297 391
6 180 196
2 230 235
1 103 104
9 114 127
3 41 47
4 405 421
9 139 178
4 189 198
5 217 237
9 366 385
4 216 227
10 439 460
9 380 395
6 298 316
7 190 204
10 121 151
2 375 384
6 282 301
3 181 196
5 75 87
6 19 25
4 390 411
7 291 344
4 203 211
5 256 283
3 378 387
7 186 211
15 234 290
6 111 129
6 177 190
3 414 427
4 259 267
1 190 192
5 166 173
10 208 243
6 214 220
3 157 170
8 174 183
3 279 291
4 307 324
4 179 183
8 134 161
8 106 114
6 20 31
5 349 370
6 222 237
7 235 253
7 438 481
6 317 323
9 271 301
4 317 332
6 82 110
10 49 117
6 118 146
4 281 298
6 50 63
6 333 339
6 447 456
6 384 410
7 242 262
5 326 355
5 163 172
10 171 205
7 304 335
4 445 469
6 89 124
7 400 409
4 148 170
2 163 166
5 439 468
7 73 100
1 324 325
8 166 194
6 428 447
6 312 330
9 417 458
5 342 353
10 367 395
4 64 86
4 366 403
8 54 72
9 269 279
5 216 233
3 62 65
6 274 291
4 80 103
6 229 256
8 109 132
10 105 148
4 314 342
8 160 198
8 28 40
5 431 453
4 190 209
5 400 405
5 257 287
8 151 210
5 54 69
2 320 323
8 225 252
9 45 62
5 338 361
6 131 147
5 359 364
8 117 172
7 278 300
5 84 89
5 5 19
6 168 190
4 330 334
5 305 310
9 382 391
4 398 416
4 4 8
2 241 248
7 304 348
4 333 357
3 42 56
7 307 335
6 260 274
4 72 76
10 19 65
6 88 111
5 90 117
5 268 273
