500
6 36 52
3 67 77
7 58 84
4 113 134
7 477 492
7 418 437
3 464 467
6 30 43
5 116 151
4 474 484
4 383 387
9 161 175
2 219 225
3 176 179
4 137 147
6 151 165
6 163 169
5 475 484
11 181 223
8 375 383
3 55 59
4 56 62
5 287 302
6 56 100
8 32 58
13 295 330
5 380 385
10 291 310
6 304 310
8 310 318
10 222 260
4 254 271
3 196 204
5 384 394
6 170 200
4 198 214
4 460 477
7 5 38
8 282 290
7 141 151
5 233 241
5 194 214
3 373 383
8 309 347
2 442 456
8 47 81
4 147 151
8 429 459
6 125 131
5 495 524
4 374 386
3 89 92
9 108 124
5 352 360
6 3 11
4 268 272
5 255 260
8 216 248
8 349 359
10 322 379
5 251 275
4 2 10
7 38 48
8 209 259
4 444 448
7 309 319
4 194 207
8 416 492
7 16 23
8 390 398
10 255 307
4 7 29
3 267 270
2 130 134
5 159 175
3 270 280
7 370 387
6 188 203
2 160 163
7 394 410
5 163 171
5 394 415
8 223 232
5 363 368
7 127 139
5 81 96
11 441 488
8 433 452
9 319 353
5 129 147
4 426 433
5 411 420
10 277 293
5 218 249
6 46 78
6 24 39
9 485 532
1 256 258
4 88 101
6 6 21
5 479 486
11 354 365
5 51 58
7 52 69
5 114 131
4 313 330
7 428 463
4 51 55
4 167 176
9 127 155
3 66 73
7 145 190
11 109 145
8 74 101
3 228 236
12 378 420
2 246 249
4 127 139
5 163 168
7 127 134
6 374 414
8 313 354
11 195 213
6 72 78
7 332 389
6 156 162
5 1 12
10 282 316
7 299 322
6 113 133
4 404 408
10 326 361
6 78 100
10 207 222
10 107 126
5 375 396
7 346 372
13 453 489
6 54 77
8 16 36
10 173 183
8 209 217
5 75 92
3 277 290
8 146 187
4 448 460
8 401 409
4 66 76
8 130 176
6 352 374
5 182 192
7 267 293
4 169 179
8 236 258
8 84 130
2 369 376
3 297 309
9 75 103
1 372 382
5 345 371
4 427 436
4 330 342
4 319 323
7 353 360
6 194 230
2 115 117
3 138 146
5 469 481
4 451 455
8 271 279
7 434 483
8 167 202
4 364 385
9 188 197
4 141 145
9 310 319
9 464 473
7 172 194
8 472 480
5 356 372
3 201 209
7 309 316
5 382 404
10 392 416
4 480 493
5 166 192
5 211 221
2 405 415
6 128 154
4 374 378
4 426 440
4 155 172
3 345 352
4 478 482
3 408 425
9 306 315
2 355 357
7 350 372
2 482 491
6 358 374
4 176 185
6 346 371
12 296 308
4 366 381
4 89 93
7 32 63
2 386 395
7 247 289
7 429 460
4 96 115
3 15 26
7 223 247
6 438 452
7 473 480
9 215 238
4 346 362
11 384 464
5 460 465
7 254 283
4 177 186
10 273 289
7 214 231
5 441 447
10 275 290
4 149 153
9 205 249
11 280 291
6 235 253
6 203 216
6 325 336
9 340 395
6 200 224
5 110 117
9 349 358
5 179 184
9 401 410
7 410 428
11 453 464
6 304 319
10 333 368
3 3 9
5 292 308
4 227 241
9 351 367
1 441 442
3 461 467
5 230 247
1 343 348
7 152 159
4 201 205
7 427 443
7 177 192
6 317 323
7 180 244
7 446 453
8 53 61
9 205 244
10 311 339
6 342 374
8 310 318
6 316 344
9 456 486
8 158 166
4 359 377
7 269 287
2 218 226
6 163 197
9 350 406
10 192 226
9 350 359
9 179 188
8 126 151
6 352 373
7 163 196
6 424 442
5 233 245
9 487 496
6 437 467
9 367 385
4 146 158
7 403 431
4 210 227
8 205 249
6 188 212
5 281 291
5 186 212
7 365 372
4 216 232
4 117 137
4 96 108
4 325 329
4 31 35
5 253 258
2 437 443
2 236 244
8 129 138
2 367 376
8 303 330
4 255 259
6 88 98
9 349 358
10 429 457
10 494 510
7 284 291
6 24 30
6 494 506
2 471 478
8 478 486
8 293 301
3 183 186
8 133 160
4 91 95
6 297 313
7 226 269
4 352 369
5 481 486
7 425 433
3 332 342
6 203 219
5 198 205
7 154 161
6 373 388
4 180 189
5 498 529
8 283 311
5 188 206
10 248 258
4 375 390
6 313 319
4 73 87
8 362 386
5 114 123
7 340 351
6 343 356
3 23 26
2 179 187
7 21 30
4 297 301
7 103 114
3 33 36
4 244 250
7 193 204
1 431 432
6 21 27
5 202 230
4 118 153
2 56 64
5 321 326
7 94 117
3 453 456
8 437 471
7 437 456
4 228 247
6 133 147
7 17 59
8 308 357
7 382 403
5 201 219
7 385 394
7 85 98
9 367 399
5 447 464
15 378 453
3 64 75
4 475 505
6 195 221
5 406 422
1 304 306
5 347 376
6 280 301
7 358 365
4 355 361
4 224 228
8 177 211
6 271 277
8 277 322
7 232 279
4 464 472
2 39 41
6 124 146
6 323 329
10 247 267
9 300 314
3 35 38
8 104 129
6 460 487
4 470 485
6 199 226
11 146 199
5 38 50
13 354 398
9 157 176
4 267 281
2 201 206
9 394 426
5 263 286
8 410 442
6 496 514
7 193 200
6 467 492
7 322 349
5 375 410
4 137 149
8 353 361
9 110 119
7 460 502
12 409 468
5 200 213
8 426 458
7 478 488
4 286 307
15 164 228
4 25 35
4 216 220
7 160 199
7 96 130
5 355 372
6 346 354
9 98 117
10 9 19
7 162 176
6 46 53
11 453 475
6 142 148
5 166 193
9 417 455
5 399 406
4 465 473
7 478 497
6 190 196
4 456 470
2 295 302
5 244 256
11 381 418
6 126 141
4 169 177
5 39 45
6 214 220
7 361 385
4 395 407
5 281 307
8 59 85
3 137 142
6 340 351
4 79 102
6 451 474
7 330 369
8 331 339
6 414 441
4 212 225
3 166 178
6 472 491
6 329 335
8 75 117
3 277 280
5 369 374
5 359 380
4 240 247
7 89 128
5 223 232
12 489 502
6 182 217
4 101 105
10 137 164
6 184 201
5 159 164
5 496 530
3 16 28
10 388 460
7 118 135
9 15 57
6 417 431
9 19 33
8 138 170
7 328 370
4 404 428
4 213 234
12 321 369
4 143 154
5 281 290
7 94 115
8 180 188
3 408 411
10 352 391
4 40 44
3 148 170
4 36 43
10 396 424
5 347 354
3 127 135
5 37 62
4 398 406
10 292 302
11 484 546
8 102 141
6 484 501
6 86 116
3 424 431
3 153 173
6 180 217
