100
9 12 49
16 26 99
15 75 150
9 71 159
3 85 149
5 95 155
15 76 108
19 60 138
29 11 71
5 2 45
10 54 86
12 49 84
17 91 125
7 85 137
6 28 44
6 56 70
17 5 98
4 23 34
7 66 98
11 30 53
5 100 115
3 48 58
2 20 31
1 30 73
17 64 135
7 29 88
2 9 37
13 71 109
11 58 85
9 88 124
13 95 142
2 89 99
28 39 132
20 39 85
1 96 174
46 57 156
9 41 92
1 87 130
12 58 84
4 92 120
7 97 163
23 51 129
7 66 96
24 18 69
1 6 54
34 47 139
25 76 146
17 57 145
1 16 61
35 66 138
7 57 134
49 31 131
3 1 67
15 91 181
16 4 75
1 77 92
15 35 76
20 16 94
18 92 170
13 50 106
1 56 70
18 2 92
7 31 69
2 83 124
2 51 79
21 57 102
26 62 128
33 94 188
15 85 160
1 3 71
35 19 106
35 45 117
29 25 86
4 61 139
12 42 91
5 44 67
3 60 98
17 99 147
3 21 78
14 88 149
8 79 105
15 47 114
2 95 130
2 19 39
11 45 90
12 25 72
12 63 94
7 40 91
32 12 83
16 100 154
12 14 68
13 73 134
8 7 46
2 53 72
11 11 44
31 91 166
5 20 59
39 27 119
9 87 127
12 15 63
