150
33 52 119
40 107 234
4 34 133
7 77 128
9 146 279
26 8 66
6 139 163
12 15 111
5 113 174
25 53 185
4 48 100
31 135 254
12 99 173
40 30 113
12 140 179
36 137 274
1 6 18
9 73 134
7 139 182
37 31 132
6 33 128
14 83 126
48 117 255
23 64 149
7 75 99
45 48 167
13 76 125
5 46 56
27 108 201
2 150 186
14 126 165
17 39 76
1 125 179
6 85 105
24 148 242
13 49 117
7 53 203
17 103 176
25 96 156
20 6 61
4 100 114
18 96 169
9 21 44
29 117 248
18 36 86
4 92 105
25 27 117
25 87 139
49 49 163
7 116 133
53 36 160
27 136 246
5 105 123
36 90 170
8 24 63
8 126 162
54 55 201
7 124 210
17 1 39
24 53 150
1 73 108
46 141 276
1 7 23
30 106 199
1 25 80
47 95 196
26 104 236
29 49 193
42 42 174
12 24 58
47 17 166
38 104 221
36 11 142
13 5 40
14 39 126
13 72 124
10 144 164
2 56 194
16 129 176
23 137 183
20 115 200
17 56 131
8 91 146
51 13 148
9 34 57
2 127 172
26 28 105
11 89 152
54 5 146
10 15 57
18 3 52
23 110 157
37 39 125
37 119 250
41 25 133
7 123 148
2 5 16
7 45 94
37 21 161
5 62 101
12 119 214
39 136 279
35 38 117
12 137 278
7 41 109
13 58 89
22 6 99
26 123 244
17 8 63
70 19 168
62 19 163
29 136 194
29 42 131
16 103 209
11 6 62
49 5 153
27 6 84
62 91 218
10 4 68
1 8 22
38 137 218
3 121 135
21 112 253
6 103 243
45 21 141
2 25 41
3 61 111
1 96 142
4 65 170
2 48 148
21 92 142
29 8 81
1 13 34
6 27 67
9 34 63
4 149 230
15 15 157
31 92 190
14 112 198
2 144 231
32 33 103
13 107 155
21 150 199
16 145 188
1 127 170
1 79 100
75 15 165
28 63 132
41 41 163
14 52 83
