200
3 97 107
28 197 351
42 83 218
36 145 218
39 168 253
16 27 192
16 25 140
49 152 325
53 186 351
1 27 59
28 111 174
24 192 250
6 24 163
11 155 214
32 1 132
4 81 110
46 102 202
15 92 154
9 99 121
1 86 100
14 167 230
51 170 298
48 159 349
73 170 356
29 47 192
25 58 135
20 17 121
92 123 314
65 90 285
17 32 77
9 47 88
17 70 130
3 147 178
21 153 211
18 139 211
7 132 260
34 129 230
12 10 146
16 57 124
5 0 197
25 45 110
10 71 130
2 13 24
45 103 294
90 54 252
50 149 305
1 17 66
47 190 345
2 153 200
1 94 130
72 114 279
18 113 160
17 117 167
9 75 148
6 82 157
51 172 300
3 143 155
57 125 316
54 18 184
40 56 141
55 78 200
45 172 327
10 148 331
44 50 141
43 158 272
16 145 211
68 179 321
54 27 176
19 143 197
12 17 48
62 57 232
8 200 237
26 59 126
25 25 148
40 125 215
3 106 158
35 152 301
23 108 179
7 156 239
43 71 232
49 165 296
1 156 169
22 188 258
25 136 276
34 167 238
14 136 225
28 124 185
6 181 320
11 81 234
47 40 179
16 147 278
24 136 200
58 104 304
26 94 172
15 36 71
14 54 117
11 189 214
3 99 109
6 184 234
31 174 330
17 10 141
49 145 260
13 71 138
60 27 152
5 31 44
28 109 251
9 89 182
65 170 347
4 25 41
1 53 88
2 74 187
4 13 29
28 107 198
17 28 74
15 102 257
58 46 176
46 79 198
64 117 248
6 116 274
16 120 165
22 145 280
20 59 139
6 13 55
66 143 327
32 8 207
3 3 20
19 90 148
9 159 255
26 124 309
52 29 210
36 162 296
28 71 193
53 89 276
13 195 320
12 125 234
22 68 140
8 13 90
6 165 194
49 99 212
2 146 215
50 180 367
24 127 182
8 28 46
16 122 302
76 164 352
18 119 223
26 51 181
11 25 80
5 73 88
17 80 138
9 75 144
6 2 72
21 158 216
6 144 194
39 10 111
58 117 250
17 161 254
25 159 267
18 77 271
2 153 172
26 80 239
41 105 293
9 94 155
2 57 137
5 10 20
14 47 151
13 187 242
16 154 208
14 115 178
80 35 221
86 73 261
8 155 224
39 93 235
35 55 181
36 176 259
16 108 169
58 136 259
32 84 157
9 176 220
20 183 236
33 192 297
4 133 182
6 122 177
10 72 120
3 197 297
30 125 221
4 164 234
6 198 247
45 119 227
54 141 319
11 129 180
1 55 73
61 92 243
20 61 179
4 172 204
2 187 216
22 76 236
17 98 173
20 143 183
8 52 112
