250
33 75 232
8 200 266
42 132 279
9 204 447
78 226 427
24 63 144
17 155 203
27 23 122
24 145 212
56 107 225
9 164 202
66 180 377
41 144 238
89 193 400
67 24 273
82 48 231
20 220 274
1 168 209
76 222 413
51 77 242
58 166 314
21 226 278
22 114 173
30 169 252
46 77 194
6 246 355
49 104 210
8 1 21
13 39 106
37 99 341
45 169 315
51 209 401
16 47 86
8 236 311
84 96 276
8 91 303
60 125 348
11 152 220
19 192 242
33 56 297
8 243 325
99 2 221
34 31 179
41 196 308
23 91 185
7 230 249
26 152 307
13 161 220
61 56 257
88 78 263
4 249 278
32 63 186
15 230 291
14 78 117
85 209 453
77 25 251
18 163 298
42 215 314
46 84 190
11 93 127
8 70 89
37 144 239
17 135 229
2 216 447
16 22 180
50 171 295
24 215 379
6 194 231
66 125 283
9 226 278
63 131 357
11 245 443
17 83 201
2 161 185
27 95 311
57 248 462
32 42 112
8 52 73
1 67 90
2 214 270
87 124 305
34 17 114
20 53 246
39 154 257
49 203 314
17 116 265
31 224 330
12 234 367
62 247 463
1 222 248
18 95 278
32 210 301
24 196 395
15 211 244
59 141 337
5 191 219
2 186 212
20 116 211
3 155 183
17 39 246
6 170 408
92 162 380
24 6 114
43 210 298
4 197 222
78 109 333
19 190 272
73 38 192
31 19 105
42 233 339
40 241 371
7 121 139
35 226 336
25 129 237
33 246 400
6 201 326
99 138 375
10 58 101
22 79 202
31 93 335
43 192 290
32 233 397
38 110 299
56 106 292
17 215 271
50 104 216
80 16 243
14 160 211
8 97 181
8 8 50
1 191 208
38 93 324
78 45 203
95 79 310
4 108 132
83 65 245
32 213 370
14 157 290
6 247 495
38 131 236
9 161 186
4 153 172
3 207 240
38 49 221
19 50 211
86 121 300
21 190 347
49 236 401
110 134 363
29 170 278
112 56 301
81 86 288
19 33 128
1 12 213
68 159 409
16 223 363
17 59 250
54 30 140
2 169 179
21 194 251
36 79 218
9 141 358
64 136 334
6 21 67
121 107 357
70 138 289
39 116 348
46 183 347
10 12 69
20 124 171
43 230 318
45 86 217
64 197 367
60 159 298
1 48 276
13 47 99
10 240 267
10 224 296
48 111 286
40 155 305
5 23 176
19 72 111
51 147 308
9 76 133
6 81 250
36 69 193
1 236 270
28 118 179
6 171 289
4 49 63
2 189 217
37 12 201
19 132 177
104 124 373
6 198 215
105 143 376
61 228 372
24 199 326
19 177 276
9 222 262
26 57 147
2 223 325
6 223 246
36 156 381
1 86 115
60 218 388
48 146 281
12 172 396
78 117 348
10 10 74
11 92 166
3 72 197
11 47 113
8 83 100
12 51 160
1 83 221
26 146 295
4 175 211
25 161 296
46 194 288
28 19 156
3 71 166
11 107 186
102 67 314
48 42 234
6 112 358
59 217 346
6 131 165
54 173 328
43 208 313
92 239 473
1 138 153
18 174 232
20 147 382
120 138 378
7 129 214
41 155 255
10 42 131
21 120 240
17 110 155
1 161 175
29 222 347
24 135 256
4 81 121
7 38 108
12 125 344
5 139 223
19 228 447
1 44 156
37 196 342
