300
105 152 450
66 171 424
130 235 533
13 109 155
75 227 523
91 175 413
14 210 240
7 231 295
26 1 57
63 134 269
31 154 410
26 152 352
12 146 215
4 220 240
26 214 318
45 192 333
64 134 339
68 154 354
13 179 253
52 83 334
62 148 440
1 247 477
69 188 329
4 72 103
102 259 536
13 70 99
3 117 133
130 255 537
36 246 345
22 38 297
64 110 285
56 160 277
53 40 280
1 205 244
13 299 332
16 123 189
24 14 172
58 163 304
9 15 79
24 216 307
34 86 162
60 274 400
42 185 401
64 94 276
46 256 448
7 255 274
90 153 377
90 263 463
94 239 443
16 280 380
5 33 72
19 122 366
39 296 443
45 16 106
80 4 193
102 167 396
88 290 538
5 79 151
46 266 457
1 223 251
44 98 350
125 212 469
17 99 172
16 122 195
48 154 378
68 275 419
32 230 296
29 196 266
97 196 457
38 156 384
124 169 443
73 14 290
45 274 402
3 132 372
99 53 286
100 152 377
25 220 353
99 231 458
21 73 183
71 87 290
44 156 317
93 205 443
13 38 86
6 66 81
8 93 109
1 119 234
59 178 321
23 70 264
59 185 331
17 96 155
22 188 255
15 20 225
1 148 163
29 12 202
1 225 261
28 124 321
3 72 117
66 100 300
2 91 126
61 252 405
80 151 348
40 71 243
11 150 410
6 107 254
17 166 223
134 182 475
21 269 351
99 47 299
52 259 449
20 121 405
4 113 194
8 101 192
4 271 282
26 234 327
43 83 345
16 148 186
143 185 476
8 87 303
9 136 166
2 251 356
33 266 383
52 1 296
74 144 431
137 228 504
39 224 433
46 44 167
22 169 355
13 1 295
111 293 556
56 276 398
56 300 473
1 107 120
31 229 304
4 29 86
18 86 231
28 258 483
65 264 412
44 137 247
92 208 401
38 184 296
127 257 532
14 292 398
57 233 386
46 132 327
18 299 400
41 104 229
18 184 319
20 172 285
127 236 530
22 244 308
2 51 65
31 108 241
79 81 301
30 235 373
75 209 447
17 273 541
142 269 569
9 149 170
42 296 484
11 190 240
3 157 216
96 102 314
13 108 224
19 7 96
17 40 125
19 43 187
2 107 117
2 289 324
42 56 156
67 217 400
4 220 349
58 197 423
105 89 363
96 216 422
82 104 341
47 252 398
33 83 189
33 67 367
74 2 191
81 56 244
39 129 394
40 20 270
10 273 296
24 223 465
101 89 344
101 4 287
73 289 437
39 31 114
44 145 292
65 188 330
3 164 206
46 240 428
13 107 191
26 115 251
27 20 247
16 187 315
63 264 508
26 61 117
81 184 366
4 21 94
24 158 217
78 19 200
42 140 353
33 11 198
34 281 483
50 253 491
15 255 403
26 63 328
63 282 494
41 14 265
27 200 331
67 119 306
14 82 218
23 178 247
14 234 298
45 117 281
109 246 464
73 280 523
90 179 438
120 14 308
38 160 358
39 76 370
41 129 311
77 249 406
46 201 405
87 185 455
40 152 283
68 297 510
33 196 292
25 25 91
39 266 378
23 295 343
5 92 277
71 292 482
14 220 410
58 127 371
1 63 104
35 300 520
15 292 350
74 117 363
38 264 480
46 117 384
72 208 372
52 292 458
3 135 154
22 33 218
22 10 92
18 154 200
42 134 218
17 27 142
15 293 385
87 121 394
17 92 141
37 194 299
3 215 302
10 201 230
2 250 292
9 67 213
130 227 502
138 192 492
96 239 487
38 267 429
38 106 380
5 111 156
24 132 302
16 12 77
47 299 441
1 293 370
15 277 356
27 45 152
2 254 280
39 124 290
1 37 50
54 66 344
64 186 455
103 93 381
14 169 205
12 221 257
3 175 196
4 58 76
9 9 218
7 54 104
92 30 272
44 173 274
27 245 470
41 27 324
1 211 225
35 286 406
14 111 175
11 198 304
18 255 291
57 154 298
27 254 496
14 184 251
16 222 370
60 32 157
22 287 452
12 63 105
30 218 471
5 275 414
