350
162 165 496
4 67 280
40 308 393
16 156 296
10 342 468
10 347 400
19 235 307
4 117 167
57 305 445
15 6 353
105 55 271
4 207 524
90 239 533
1 123 186
2 342 372
10 210 450
4 272 608
20 25 327
48 106 284
7 126 177
79 152 450
5 292 316
37 345 436
3 307 322
43 300 431
101 68 389
4 280 291
43 297 415
97 158 388
1 195 365
112 155 430
15 243 424
37 141 233
8 29 253
38 247 364
86 88 369
1 337 383
44 246 411
4 84 96
106 156 382
13 329 398
75 163 499
59 174 419
119 84 366
9 188 285
10 212 377
32 111 310
22 61 252
51 243 383
128 258 520
77 255 556
53 221 430
8 304 352
39 149 230
158 278 618
8 232 265
63 153 316
5 88 257
4 9 177
11 292 454
40 285 422
127 319 614
27 261 445
1 148 268
51 261 610
76 57 251
5 275 424
33 325 420
100 66 385
47 27 292
22 222 294
44 40 241
74 329 562
40 232 342
28 98 340
24 241 310
26 197 311
4 174 256
49 195 429
101 215 419
3 166 312
69 184 382
136 54 383
81 48 381
15 219 346
89 271 557
22 165 434
55 182 389
48 113 265
8 80 397
27 165 282
46 288 491
32 318 382
1 110 153
98 182 380
49 106 259
44 229 324
29 22 255
31 159 231
5 288 362
30 315 482
72 196 386
20 78 201
57 138 295
3 38 62
7 93 362
87 334 625
65 6 301
92 130 371
50 110 298
15 7 41
9 208 266
1 104 161
12 17 87
26 25 273
71 107 330
122 19 298
80 64 313
84 213 382
150 161 463
7 288 322
34 147 237
31 115 217
31 185 265
61 141 443
40 339 456
21 213 367
4 347 360
65 108 254
60 212 343
39 157 423
25 313 371
13 211 246
3 246 259
65 188 468
45 213 341
109 100 334
104 219 472
56 314 499
66 309 496
67 299 489
12 175 239
31 349 444
8 322 361
17 324 502
15 59 257
64 252 425
25 49 195
36 56 129
10 306 335
74 67 235
3 110 163
21 216 354
1 256 281
17 130 174
47 267 386
66 166 430
70 105 255
12 200 490
25 103 230
23 62 130
7 4 27
79 176 366
9 188 289
64 130 457
92 284 498
74 61 245
13 242 269
99 320 578
67 31 289
44 240 342
8 316 346
10 149 418
76 8 331
44 321 415
29 251 342
43 333 482
32 346 594
63 10 141
71 220 424
10 306 483
30 124 462
8 255 322
38 210 367
101 321 562
71 141 394
31 254 336
1 151 280
27 240 331
15 118 191
7 290 357
18 342 439
34 116 230
5 234 523
59 346 549
109 111 346
25 264 340
9 111 431
2 265 286
125 96 346
129 7 273
52 31 207
3 28 287
27 104 304
34 281 373
64 282 415
21 318 609
5 257 270
4 96 163
156 29 369
16 116 206
58 264 383
11 199 337
26 263 324
100 97 327
8 63 376
109 291 558
6 20 265
4 26 38
15 239 348
20 314 656
66 349 483
9 239 453
91 89 305
27 174 339
30 87 169
16 209 465
2 8 217
73 263 429
21 99 359
120 250 491
44 83 361
12 118 239
24 36 255
8 295 332
5 231 353
14 113 252
16 290 353
57 253 431
38 40 259
1 276 569
71 239 461
69 283 587
49 282 418
16 85 157
22 100 338
22 44 122
49 259 423
34 293 374
2 345 358
39 177 352
18 159 285
121 75 406
23 186 251
55 188 514
21 181 375
84 268 449
38 29 258
39 223 330
4 130 160
1 190 288
12 252 390
59 343 541
21 314 623
35 13 254
3 42 113
13 222 316
7 69 257
107 342 645
67 82 218
44 144 242
69 15 172
14 180 387
59 218 368
100 227 559
2 170 405
26 198 455
98 93 313
64 219 376
84 235 434
2 275 371
23 343 675
10 27 118
87 248 451
15 256 301
52 94 202
12 282 324
62 176 512
58 81 237
6 249 314
59 91 326
7 249 506
3 332 558
23 72 172
106 153 442
4 80 118
39 60 161
26 316 634
16 79 119
55 295 582
103 114 436
73 32 272
66 127 263
80 304 556
39 295 426
42 126 227
73 326 550
101 89 352
1 323 337
48 206 312
19 296 503
107 18 303
4 296 395
37 273 378
19 42 146
22 217 319
4 291 432
56 171 312
68 50 241
130 198 505
75 118 387
11 154 182
8 41 174
25 140 236
11 33 93
42 59 391
47 134 246
92 173 381
11 178 229
14 65 96
27 301 357
4 61 74
41 81 192
29 336 466
28 312 619
75 277 472
166 21 364
15 21 73
16 92 145
36 181 418
2 50 143
50 118 323
98 253 453
96 63 272
27 57 196
106 255 572
71 157 324
9 55 316
115 108 427
38 129 378
