400
93 366 664
46 203 334
24 81 196
25 118 364
167 149 508
79 224 591
159 270 656
114 132 493
66 183 328
2 327 694
23 327 592
14 52 253
68 397 562
20 103 157
22 349 468
33 300 491
50 151 291
53 156 418
27 165 517
120 363 622
10 144 331
2 213 446
30 379 660
1 157 476
13 208 257
3 398 426
61 63 445
40 344 524
43 210 562
6 106 142
5 313 341
43 205 455
54 227 586
64 343 696
25 122 201
31 367 507
96 375 659
50 37 257
83 362 687
76 85 431
135 144 524
8 371 451
2 273 289
24 4 136
5 207 221
32 43 136
12 324 420
134 16 363
8 44 64
22 230 616
105 173 394
87 246 480
11 20 61
27 289 471
79 232 569
170 183 557
99 180 475
42 63 422
14 130 371
1 179 294
95 24 349
70 51 437
7 152 166
28 121 177
103 334 729
8 223 572
59 275 556
37 305 631
46 171 478
32 269 437
73 60 343
48 279 399
65 272 559
24 244 368
18 285 372
135 222 513
5 92 245
120 189 508
81 210 373
92 236 563
96 265 478
90 26 271
45 217 541
20 124 266
8 164 188
13 211 267
63 277 655
20 167 218
33 368 529
81 196 499
59 142 455
14 62 341
104 24 323
75 393 642
69 373 624
72 99 441
56 307 660
16 373 473
8 263 459
18 354 409
100 359 603
66 249 403
40 0 286
40 277 406
27 87 368
12 150 184
81 167 495
19 292 370
77 230 584
15 60 104
18 163 384
52 305 523
27 28 204
16 366 584
86 261 506
103 25 264
49 215 388
34 35 171
109 111 333
25 33 154
22 109 253
53 146 333
7 369 451
21 86 130
115 400 659
39 293 411
2 191 536
139 325 651
97 369 735
22 86 317
10 174 291
93 218 616
16 77 323
81 186 523
7 366 499
19 16 91
76 221 418
80 41 413
142 194 561
1 226 266
137 77 419
59 298 511
15 315 622
45 19 158
1 193 236
66 392 638
4 141 274
48 273 643
4 40 126
100 384 592
25 350 408
7 322 716
1 205 371
26 286 636
4 199 212
53 361 543
29 206 285
6 141 180
114 37 280
163 4 400
50 137 245
9 108 136
139 67 398
36 38 130
46 206 496
59 162 363
8 337 638
51 379 503
3 113 346
113 227 455
12 173 373
22 108 251
39 69 232
121 372 617
115 358 598
9 20 71
32 124 373
88 388 581
14 298 684
181 160 554
38 268 367
69 149 341
25 159 277
150 162 479
55 192 378
46 270 657
16 203 366
94 344 666
97 395 774
122 141 537
29 96 298
21 398 444
51 29 145
20 198 574
143 177 487
7 10 84
72 398 753
22 190 299
22 351 441
9 249 377
61 332 479
23 375 485
126 298 640
5 250 423
48 146 258
59 262 417
87 339 676
15 191 241
17 226 363
49 150 337
2 339 661
20 205 436
29 363 669
39 30 326
9 218 274
7 160 187
97 40 327
10 46 273
26 296 372
32 325 404
37 327 423
92 149 357
26 277 478
84 247 520
78 302 546
132 206 498
64 34 255
74 381 538
135 392 714
3 277 584
10 65 242
17 105 161
21 76 224
106 229 493
17 364 401
99 210 561
33 373 496
47 130 242
17 228 419
54 203 484
31 179 372
46 134 254
55 204 326
33 333 406
33 76 144
109 259 596
12 16 53
86 161 392
120 70 449
8 276 297
76 278 499
25 297 544
4 264 339
98 126 347
33 161 245
13 261 441
9 50 288
85 285 668
10 147 255
90 327 550
18 134 418
5 174 252
39 204 359
46 116 255
5 256 380
51 90 217
11 348 444
24 282 657
110 77 353
35 399 559
30 380 496
61 391 657
55 17 154
159 385 741
52 376 495
26 66 152
50 329 633
71 299 455
8 182 203
33 130 219
1 101 115
51 246 416
76 396 565
38 377 659
9 102 453
3 194 205
26 152 501
27 381 499
96 198 429
6 195 286
7 298 660
35 348 734
36 233 450
54 301 524
77 61 259
12 310 343
29 379 473
114 178 544
104 328 686
23 389 510
31 237 512
15 352 600
5 249 259
42 263 349
93 151 405
39 116 215
68 146 460
106 36 265
49 289 527
18 7 351
109 395 766
58 307 566
198 164 560
11 268 296
5 315 343
6 310 445
161 195 544
13 248 284
121 81 381
53 210 326
162 212 611
45 269 366
12 4 215
190 81 480
64 65 229
12 374 404
173 371 755
69 51 428
10 387 501
19 341 387
54 159 391
58 376 587
28 203 279
11 384 456
52 143 371
76 215 512
40 20 133
26 370 431
55 191 331
5 291 609
57 341 473
11 247 511
91 260 508
47 85 312
108 143 385
83 99 399
69 156 332
4 36 56
121 250 605
31 47 234
65 11 178
40 378 587
10 69 142
27 168 354
10 153 183
62 316 579
116 103 444
7 92 324
4 114 303
23 228 531
1 325 419
26 87 404
20 196 494
33 246 363
44 396 612
47 6 109
9 86 124
18 210 444
1 177 246
13 390 560
24 110 493
47 102 453
10 257 325
5 276 328
82 1 299
10 358 657
199 96 496
2 361 402
36 312 408
48 253 589
13 193 256
50 180 408
26 350 740
70 110 282
73 260 576
88 328 609
2 213 392
1 170 195
36 157 373
1 131 427
77 131 342
3 36 103
18 279 435
4 336 401
38 192 308
8 153 178
7 100 443
38 237 328
100 238 512
45 368 723
