450
51 93 242
27 290 447
3 359 695
97 381 670
16 49 246
21 369 455
53 163 343
40 382 581
8 16 116
74 377 544
194 347 776
28 446 564
12 217 247
33 294 482
40 169 313
121 420 788
77 396 720
6 340 617
163 315 666
58 64 347
42 359 626
71 351 638
25 13 65
77 355 736
131 189 515
63 410 619
112 270 496
11 12 47
41 143 232
5 19 56
12 72 107
70 198 537
40 448 781
151 154 566
43 285 477
6 161 193
146 110 538
23 264 413
34 46 189
111 146 423
13 194 227
4 17 57
88 156 507
16 374 621
122 39 352
62 146 283
57 330 751
13 3 68
31 233 524
62 375 636
28 410 546
82 327 499
130 16 294
1 413 722
4 275 332
12 286 339
4 71 115
113 273 570
12 87 113
4 59 81
42 336 461
188 343 778
155 329 725
27 360 539
49 400 545
24 191 480
97 252 529
69 32 249
75 166 534
64 2 177
65 305 517
67 155 551
102 288 686
69 75 277
1 409 556
16 201 333
2 35 63
148 171 488
43 394 496
9 155 228
9 438 842
11 315 381
17 20 268
1 300 464
76 143 459
91 152 570
5 45 56
109 202 424
65 75 278
74 298 557
3 117 542
15 380 558
111 327 699
122 92 376
6 7 48
89 383 757
44 239 397
75 269 534
16 309 344
151 111 518
172 341 725
21 293 707
3 87 537
83 102 432
56 254 520
27 308 372
20 94 292
64 62 271
3 330 373
30 93 419
25 172 462
102 99 433
177 272 662
80 9 314
53 389 504
13 430 794
20 292 377
86 407 653
105 128 488
1 375 422
200 340 769
180 215 651
20 432 607
32 447 778
46 307 496
23 406 504
4 185 208
61 307 438
99 364 634
42 217 333
115 442 766
69 138 302
50 71 214
69 318 686
16 152 295
58 77 470
18 273 663
1 25 59
123 162 554
79 58 425
2 14 277
64 58 226
114 423 813
66 272 554
22 234 342
125 209 568
36 307 446
38 1 126
25 253 537
33 169 274
18 66 371
1 335 430
103 202 437
100 196 644
22 197 424
14 104 184
193 280 717
32 134 219
27 186 422
51 207 512
29 263 348
10 208 240
2 29 84
2 444 558
80 94 273
31 177 460
62 301 478
114 347 658
35 134 291
10 354 617
59 30 325
101 338 743
69 29 261
33 420 577
48 278 541
17 246 561
83 121 470
121 438 808
75 441 690
43 194 389
160 422 782
44 251 361
26 101 389
148 406 744
70 426 847
72 388 720
93 201 482
9 55 414
21 342 587
73 83 248
5 111 177
20 29 143
25 295 672
45 202 328
125 94 428
136 271 545
25 292 459
38 376 588
78 31 276
36 85 442
4 59 70
34 150 316
4 311 370
24 22 188
102 324 665
15 236 480
28 89 204
20 74 336
42 366 493
29 324 499
5 199 353
17 283 494
34 349 451
70 18 217
26 47 104
13 39 154
3 148 181
133 408 705
179 152 595
99 281 633
72 30 245
55 185 462
58 406 681
10 75 154
8 58 102
44 85 406
10 6 451
50 156 570
64 378 798
31 373 458
24 26 198
54 190 423
35 341 580
129 272 638
143 24 319
141 41 379
20 119 166
17 366 453
5 36 118
8 333 388
83 39 344
66 108 556
105 410 762
96 166 371
42 99 217
9 241 500
12 22 63
36 228 461
12 294 331
35 409 817
46 416 562
11 266 448
71 204 392
9 10 164
3 88 136
20 354 566
2 124 146
99 17 328
167 267 627
17 447 526
30 39 282
156 144 593
175 328 767
173 203 560
173 357 759
12 83 109
76 308 544
104 225 520
10 84 107
18 404 824
1 120 134
86 137 480
79 29 243
19 148 590
10 184 321
127 273 582
2 59 160
56 233 380
68 89 521
7 338 373
105 229 558
10 269 292
55 10 427
108 100 415
75 391 685
24 5 70
99 167 533
99 63 334
15 375 457
36 36 123
56 237 425
28 161 360
97 314 581
6 273 312
155 105 520
139 307 740
36 318 398
12 105 324
17 123 546
85 369 760
213 365 802
26 282 563
18 239 629
68 386 546
144 397 765
1 23 149
52 10 183
160 118 539
108 219 455
115 196 496
38 57 374
49 241 457
7 352 406
130 73 466
31 420 787
67 21 370
52 163 295
19 391 596
59 163 509
45 107 485
11 198 495
1 284 522
60 200 403
10 133 217
22 265 338
34 221 409
28 265 607
64 255 626
90 190 464
10 389 537
14 30 66
20 187 235
84 9 235
5 391 686
16 291 390
42 103 444
104 347 594
103 417 730
78 30 215
45 322 492
6 181 223
20 110 165
66 268 637
37 190 487
122 72 355
199 410 842
32 168 265
43 0 110
45 373 787
31 212 359
82 364 601
36 187 325
76 15 391
51 299 477
168 328 727
5 105 412
78 396 806
47 12 437
14 258 323
176 447 850
131 293 684
15 290 467
61 235 417
9 367 451
47 210 323
133 301 680
70 22 379
50 112 212
62 305 695
19 84 254
4 224 234
14 378 433
22 374 500
10 33 203
11 297 555
137 268 635
67 156 367
13 182 358
122 228 515
53 438 702
13 248 427
16 411 653
188 90 532
5 331 486
74 395 728
137 265 657
54 136 258
25 448 531
65 155 344
76 254 420
6 434 465
130 167 440
22 223 286
96 342 780
16 127 183
7 96 167
8 243 401
4 405 427
12 426 485
110 291 601
126 378 810
113 367 703
28 345 565
19 15 67
67 397 568
10 129 207
3 117 137
69 190 444
12 371 396
39 220 435
20 339 563
135 77 365
166 15 352
153 152 466
152 213 616
122 180 539
33 354 471
73 228 528
76 37 321
30 351 453
62 380 525
54 43 225
190 10 413
156 15 397
16 1 133
151 104 469
111 329 566
44 437 721
51 139 520
110 187 600
149 196 512
98 431 670
9 32 59
18 114 327
115 14 403
144 374 674
26 366 757
4 369 379
105 435 772
67 161 356
107 193 518
35 106 179
29 66 210
114 354 795
17 418 500
1 283 389
5 324 334
61 67 200
18 23 399
183 266 653
