500
25 379 456
114 114 376
28 454 557
161 369 821
2 346 845
8 114 171
29 473 785
4 228 246
13 62 92
92 141 598
40 161 438
43 416 751
142 366 696
24 49 173
39 226 499
37 190 521
47 65 297
44 291 397
16 413 795
13 35 299
8 476 506
101 352 560
60 150 363
121 177 445
10 393 426
23 35 97
40 303 628
89 376 822
15 233 287
20 336 800
6 164 183
95 437 701
46 36 163
110 72 445
66 34 282
92 495 858
62 49 292
10 152 403
72 83 558
13 105 132
16 49 81
19 499 561
19 51 401
52 138 377
58 352 555
33 82 433
141 428 916
6 72 131
5 172 451
142 179 604
106 270 625
45 37 200
49 119 380
60 441 640
112 162 424
65 398 651
6 336 406
1 38 63
106 225 496
82 205 422
56 171 380
6 401 421
195 22 444
41 242 490
5 482 501
28 473 784
16 37 125
100 70 528
189 327 765
18 377 442
26 405 458
24 137 245
8 368 413
79 46 340
20 472 770
77 230 687
6 267 304
80 281 470
124 86 476
15 98 373
122 358 776
14 303 350
116 478 863
25 348 467
13 99 379
2 311 381
20 339 781
127 498 974
121 212 619
24 430 753
19 281 752
64 448 695
150 368 684
76 65 396
70 404 551
78 111 485
6 427 445
10 482 709
185 460 941
3 122 176
92 465 675
10 289 347
37 294 395
99 149 383
44 337 458
107 379 767
29 350 425
65 464 725
89 202 439
45 105 455
41 196 372
157 409 884
15 426 809
17 142 617
83 102 338
13 456 640
4 409 583
55 405 880
75 484 652
13 386 472
35 461 940
16 4 61
136 167 500
23 322 447
41 227 346
29 60 188
50 247 467
31 148 222
78 126 312
1 377 423
210 345 773
10 425 547
10 191 338
61 421 615
79 360 545
31 250 502
237 59 534
7 93 112
2 328 709
13 17 81
2 379 542
52 6 276
125 33 302
94 76 431
8 29 60
56 305 567
80 453 675
14 232 295
23 20 153
4 318 335
39 430 688
11 78 313
4 443 473
53 371 612
15 140 188
28 493 552
16 363 525
70 145 565
65 416 554
147 485 824
33 216 294
156 28 353
47 28 122
115 282 714
8 351 396
199 206 619
10 483 597
17 66 277
8 292 309
109 449 904
137 126 409
69 274 423
43 382 566
5 19 82
117 307 584
7 200 225
17 488 529
77 54 462
46 120 311
18 168 299
21 17 130
81 446 609
62 265 499
2 444 525
38 55 227
40 157 640
60 107 300
45 71 197
145 44 377
80 406 581
12 286 495
3 147 279
159 390 850
1 325 699
8 67 87
90 400 665
12 339 509
68 427 815
115 391 785
98 307 716
18 212 265
69 394 776
92 80 406
84 310 540
36 162 298
63 372 843
118 306 746
69 488 789
33 424 671
106 408 685
11 20 50
2 90 134
3 101 308
66 139 552
115 255 668
55 272 583
26 70 341
2 222 232
190 384 836
157 460 779
63 304 507
83 101 470
221 110 589
138 318 652
66 318 470
3 270 384
31 100 222
9 223 431
18 396 450
16 319 600
104 206 466
57 197 448
35 236 414
133 39 337
106 460 703
42 444 529
110 427 802
28 88 222
44 335 485
4 458 693
42 107 199
23 342 595
8 283 582
14 84 121
102 152 584
27 466 549
90 427 636
62 388 714
36 415 567
9 406 802
21 89 473
31 61 552
63 88 249
96 267 596
113 118 588
84 269 651
7 452 491
35 22 291
88 288 522
10 366 406
219 54 554
95 81 348
210 313 799
18 429 468
122 215 499
20 495 591
10 122 332
31 353 576
52 213 364
15 262 310
158 200 657
54 124 305
159 124 580
14 325 573
178 28 469
93 337 583
148 88 536
154 212 652
23 132 474
5 471 506
187 269 680
28 65 192
21 214 311
68 443 589
104 484 747
210 40 468
13 452 635
54 110 434
166 160 565
9 280 422
16 158 215
23 227 289
165 362 757
55 328 765
145 497 815
5 253 294
100 401 776
6 488 600
101 498 806
105 361 718
49 354 522
42 391 789
109 238 673
95 286 653
6 420 441
58 251 419
44 23 170
19 250 577
78 68 247
4 53 354
66 171 476
147 368 755
31 204 391
85 470 804
109 334 614
62 17 273
32 471 604
14 276 466
3 175 220
9 308 523
67 427 677
156 157 484
65 53 261
7 6 22
7 425 505
181 149 586
61 120 330
184 458 837
37 429 753
237 345 819
64 171 623
61 246 438
32 127 409
53 386 642
24 38 496
52 132 277
96 248 581
7 86 136
115 9 381
84 447 832
28 299 614
101 213 625
120 113 392
36 135 270
144 35 518
28 398 562
9 484 666
113 482 754
209 416 893
69 136 284
7 470 544
60 180 305
44 64 390
23 367 508
40 165 306
70 61 469
28 274 442
41 136 265
31 369 510
24 287 594
4 430 505
6 333 531
33 297 609
141 28 516
12 152 209
37 42 229
120 1 292
136 312 772
35 93 196
61 261 435
9 413 510
49 365 540
35 210 292
12 79 114
26 473 531
8 293 309
70 339 587
95 201 551
12 306 342
118 29 286
75 99 500
113 56 430
3 222 240
198 369 831
62 75 287
4 477 812
34 479 560
8 140 181
145 140 537
24 389 464
23 22 504
14 202 359
19 286 718
1 76 109
144 498 872
7 26 61
9 56 230
5 396 627
46 181 283
100 218 595
225 94 556
3 303 429
92 335 732
37 395 475
13 170 228
179 396 827
4 134 144
136 48 493
51 23 393
74 85 507
55 366 481
42 70 177
12 398 489
159 477 844
10 438 669
71 403 785
38 409 516
15 101 132
249 203 701
21 198 269
59 253 407
215 484 962
203 192 606
134 207 560
191 33 498
5 13 353
9 399 471
78 207 614
14 213 260
18 172 218
4 99 581
8 351 687
121 361 730
5 491 676
193 213 682
156 362 707
115 7 245
93 407 648
46 379 551
20 210 336
172 220 611
14 304 349
36 458 560
47 198 376
39 19 516
69 341 567
125 430 705
14 174 238
102 169 536
45 221 473
16 170 226
35 43 245
34 474 576
36 75 573
7 373 671
71 3 155
160 304 727
55 176 519
49 224 563
110 141 515
115 241 540
4 23 66
116 108 536
96 44 285
144 495 937
124 491 853
97 115 421
165 428 789
218 233 671
87 207 651
215 206 659
76 100 275
18 289 629
13 101 197
179 410 799
47 428 575
2 56 72
78 185 506
4 160 179
10 65 92
214 448 887
171 180 582
11 344 735
5 51 102
96 247 633
9 326 779
43 331 739
108 1 220
70 385 638
38 115 205
21 343 788
13 226 443
213 91 562
19 208 598
9 24 62
136 40 347
110 427 676
69 399 678
67 150 312
36 352 714
