100
13 11 27
9 188 200
2 37 40
13 152 169
1 164 165
3 179 182
13 125 147
6 95 102
14 88 105
9 121 137
4 134 139
3 166 169
5 42 51
11 88 99
14 95 116
9 102 117
13 131 153
8 23 33
11 45 58
1 125 126
4 172 177
8 129 139
13 157 180
4 116 120
9 139 148
13 15 39
13 183 196
7 135 143
12 50 69
14 39 54
7 50 61
10 98 108
7 52 65
11 95 109
6 118 127
14 133 158
12 32 53
5 109 118
4 147 152
11 196 210
1 65 66
3 97 102
13 176 192
9 158 170
12 67 81
14 23 41
7 109 117
7 120 129
1 193 194
7 82 93
8 136 144
14 104 120
8 18 31
5 174 181
7 74 85
4 151 155
13 106 127
1 139 140
5 151 156
7 194 205
6 161 167
11 149 170
11 199 215
13 31 56
2 56 59
4 119 125
5 163 171
12 116 136
14 181 195
5 99 108
8 138 151
10 15 31
11 34 45
9 50 67
9 105 122
4 6 11
6 11 21
12 47 66
7 153 163
5 15 21
12 120 142
12 18 36
9 5 22
13 165 190
13 61 84
4 93 97
3 8 12
12 68 82
4 11 18
8 198 208
11 122 140
4 114 120
6 103 114
14 119 135
7 167 177
10 40 52
1 122 123
5 55 62
7 157 170
8 15 25
