150
10 24 42
5 108 114
1 2 3
14 113 139
8 156 164
2 33 35
1 136 137
10 249 268
6 120 127
8 166 176
14 6 31
8 177 192
2 249 251
12 38 56
3 73 78
10 24 37
10 46 65
10 152 168
10 102 116
5 213 218
8 230 240
3 94 98
11 67 86
8 146 155
11 2 22
3 137 141
10 30 44
2 284 286
10 40 53
12 104 127
11 34 45
6 222 230
8 87 97
9 178 194
11 171 184
2 1 4
10 109 125
7 102 112
6 290 297
1 208 209
8 51 59
8 143 158
12 208 221
6 299 306
5 133 139
12 144 163
10 240 254
12 183 202
2 290 293
4 212 219
5 246 252
7 66 74
10 290 308
4 15 21
5 297 303
11 116 128
5 111 117
3 74 79
13 277 297
9 22 33
9 187 201
14 233 251
2 156 159
3 274 277
7 221 233
12 265 287
3 146 150
1 206 207
3 33 36
14 105 129
8 36 45
1 121 122
11 155 168
9 60 70
13 168 181
4 220 224
10 109 126
3 192 197
9 181 192
7 229 236
14 191 218
10 16 35
10 84 102
14 71 96
5 127 135
13 248 273
9 202 213
6 70 78
3 42 45
3 164 169
3 2 5
8 116 127
1 14 15
3 12 15
12 215 234
9 191 204
1 292 293
2 271 274
6 205 216
1 216 217
8 68 82
6 58 67
9 4 17
7 247 255
2 277 280
7 102 114
9 174 191
14 59 73
9 68 82
11 36 51
14 52 79
11 168 181
5 1 6
2 224 226
3 75 79
13 110 127
5 145 152
6 166 177
9 147 161
6 37 43
4 240 247
13 231 252
9 133 150
5 101 107
13 45 61
1 207 208
1 59 60
8 217 228
7 278 290
3 67 71
2 226 228
9 188 205
2 34 37
13 117 133
5 291 296
1 183 184
9 203 214
12 125 148
1 191 192
6 43 53
8 57 66
3 142 147
12 29 44
6 282 288
9 20 29
9 140 149
14 197 214
8 201 209
7 240 253
8 214 222
