200
8 371 382
6 384 392
8 47 61
11 60 76
5 305 312
11 58 71
4 3 8
5 166 175
10 357 373
12 89 107
13 345 370
3 269 272
13 8 33
12 70 87
11 326 342
1 337 338
2 217 219
9 186 201
4 94 101
2 157 160
6 213 220
1 1 2
2 297 299
12 353 368
3 100 104
2 201 204
4 22 29
11 120 131
2 385 388
14 262 278
7 224 233
11 323 335
11 330 343
10 109 124
13 271 286
13 116 138
4 3 7
5 145 153
8 348 357
7 171 182
7 41 51
1 237 238
2 91 93
7 382 392
5 124 130
3 321 324
6 28 37
6 171 180
3 321 326
10 159 175
9 325 335
2 312 315
9 8 17
8 77 88
6 315 322
2 121 124
6 184 193
10 335 350
1 138 139
4 115 120
12 263 283
11 280 293
8 326 341
1 252 253
1 257 258
5 26 33
9 211 221
8 29 42
8 53 65
4 364 371
3 220 224
14 273 288
8 100 108
12 355 377
9 206 223
14 1 27
12 319 340
3 192 196
12 212 224
9 76 89
3 153 156
13 320 339
7 349 359
1 251 252
14 13 40
5 280 287
5 360 369
1 71 72
7 159 168
14 21 39
11 358 373
12 157 169
1 71 72
2 310 312
5 397 403
10 372 386
9 228 242
11 259 273
3 321 325
1 135 136
4 388 394
7 321 331
8 95 106
3 250 254
11 259 278
5 219 226
1 188 189
3 321 326
10 271 290
3 306 310
11 301 317
5 148 153
14 187 203
6 278 286
5 205 211
8 144 154
11 0 16
9 68 83
9 268 281
8 200 208
12 138 158
14 39 60
14 214 236
11 335 349
9 129 141
11 386 406
5 368 374
10 106 117
13 127 147
5 119 124
11 361 373
9 294 311
10 35 52
14 177 204
14 93 108
14 119 138
2 357 359
8 252 264
2 104 106
10 51 64
14 314 340
2 349 351
8 139 150
13 392 412
14 376 396
5 244 251
1 287 288
12 351 373
6 21 27
13 177 192
8 101 113
13 119 132
12 263 282
1 52 53
3 67 70
3 278 282
6 166 177
1 262 263
3 68 72
1 171 172
6 252 263
1 164 165
8 343 351
6 144 154
4 156 162
6 30 38
10 393 404
2 288 290
11 155 170
9 153 163
11 264 282
6 120 126
7 82 94
1 187 188
6 238 245
3 300 305
9 13 29
13 224 240
9 34 44
13 254 274
2 38 41
1 231 232
3 106 109
13 32 53
2 242 244
1 310 311
2 108 111
4 142 148
8 117 125
11 154 168
6 285 295
9 374 385
14 172 197
9 236 250
14 351 369
7 304 316
14 85 111
12 299 318
14 103 125
5 62 68
