250
2 2 5
7 446 454
6 192 203
8 39 47
4 213 219
8 107 120
1 232 233
1 11 12
6 384 395
7 28 41
14 263 280
14 104 121
1 423 424
8 216 225
8 384 392
9 298 311
12 38 53
11 466 482
8 416 426
7 117 126
2 176 179
3 112 116
5 204 210
11 394 413
9 66 83
8 193 203
1 48 49
5 363 371
8 145 159
12 101 117
11 313 325
2 146 148
9 303 314
7 370 383
13 100 116
5 194 201
3 440 445
4 176 180
12 436 449
13 17 42
14 48 73
2 71 73
14 452 478
10 323 336
11 203 219
1 202 203
3 22 27
5 472 480
1 464 465
9 3 18
12 157 173
1 301 302
6 107 115
1 98 99
7 249 258
1 220 221
8 136 151
4 78 82
13 251 266
14 476 501
7 298 311
14 48 73
4 116 123
2 180 183
5 131 140
2 393 395
8 216 225
9 342 351
9 292 308
8 334 346
3 347 350
7 421 433
1 150 151
1 241 242
4 229 233
9 389 399
12 431 450
5 326 331
6 292 303
12 204 225
11 465 482
6 468 476
7 499 506
7 34 43
11 22 34
3 476 479
6 335 346
4 261 268
5 484 492
10 137 148
9 365 374
10 68 81
14 23 49
9 434 447
10 437 448
3 441 446
2 422 424
3 481 485
6 313 322
2 468 471
7 73 82
8 253 264
12 189 206
3 95 100
1 130 131
8 452 465
11 40 51
2 343 345
6 133 139
10 249 264
4 100 107
14 276 296
4 469 473
3 72 75
13 2 15
6 412 419
12 32 54
3 283 287
2 436 439
10 400 415
13 10 34
2 304 306
12 35 53
9 52 61
10 155 170
11 66 85
13 491 504
3 104 109
3 266 270
13 217 232
5 458 463
10 358 371
14 246 262
13 58 77
7 331 338
4 395 399
14 292 307
3 251 255
14 419 438
13 107 125
10 311 324
10 344 354
7 334 344
5 3 11
4 421 425
13 19 41
2 30 33
7 136 143
8 377 389
10 224 240
6 85 94
13 247 269
10 432 446
9 302 313
3 473 476
14 438 452
11 134 154
7 338 351
6 389 396
9 494 503
3 357 362
3 175 178
11 262 276
11 52 70
7 318 330
3 169 174
3 322 325
9 302 318
13 427 441
10 108 120
14 291 306
14 382 398
11 111 128
13 223 237
14 289 309
3 287 290
3 435 439
9 307 317
1 139 140
11 480 497
12 225 243
14 21 39
10 46 64
8 414 423
10 478 495
2 278 280
10 466 479
4 328 335
7 222 230
11 368 385
12 439 454
6 487 498
2 13 15
4 152 156
14 5 20
8 464 474
5 116 121
13 273 295
14 73 94
11 40 51
6 249 256
5 416 424
1 497 498
1 276 277
4 410 416
3 448 453
2 150 152
7 404 415
1 433 434
8 317 331
6 384 392
9 282 292
14 134 158
3 92 96
2 65 68
1 187 188
13 298 311
9 60 76
13 26 45
11 49 62
13 242 265
13 162 186
5 113 119
14 437 454
7 114 122
3 129 132
7 396 409
5 295 300
13 476 498
6 159 165
2 52 54
7 54 61
3 223 228
11 148 167
3 39 42
13 176 193
13 217 237
1 48 49
13 320 344
9 53 67
14 74 100
12 292 305
3 261 264
12 57 76
3 298 303
1 75 76
4 21 25
6 278 286
11 146 167
4 356 361
