300
10 27 44
11 524 539
7 526 538
7 139 148
4 183 190
11 567 579
3 319 322
12 521 534
10 38 51
4 480 485
6 538 548
14 69 96
3 527 532
9 540 550
12 168 186
2 498 501
8 517 532
4 177 181
13 206 225
2 414 416
4 379 384
6 544 555
13 436 461
3 291 294
10 347 366
14 250 272
2 556 558
7 445 456
4 9 16
14 26 43
5 551 556
1 118 119
2 254 256
5 173 180
9 66 75
4 267 274
11 432 452
7 283 293
10 104 122
14 28 46
13 343 358
9 441 453
8 106 114
6 368 375
13 128 153
11 260 278
10 415 429
10 133 151
10 49 62
1 440 441
14 392 407
10 275 292
3 540 545
13 238 258
7 365 374
3 590 593
12 351 364
7 283 292
3 512 516
7 149 160
14 152 168
5 252 259
4 93 98
7 461 474
11 394 409
9 143 153
1 533 534
3 54 57
14 483 501
14 275 291
10 121 136
10 84 96
5 259 266
12 525 540
12 258 272
11 61 77
2 430 433
8 523 538
10 486 503
4 511 516
5 23 29
13 405 429
14 471 493
8 52 67
13 554 572
2 585 588
7 407 419
14 300 323
5 74 80
3 320 324
5 299 305
11 404 425
13 507 521
14 311 330
5 485 491
2 494 497
2 127 129
4 383 388
2 34 37
6 48 56
11 261 276
1 415 416
4 571 575
7 273 281
7 274 284
2 546 549
2 221 224
7 343 356
11 359 377
14 162 186
1 166 167
12 148 165
10 428 441
9 80 95
14 583 606
13 512 525
10 293 306
4 201 208
6 202 210
3 582 585
2 341 343
1 468 469
13 124 140
11 478 490
11 178 198
14 415 437
11 309 325
11 295 315
12 340 354
6 86 97
13 305 324
9 419 428
5 217 223
4 106 111
1 93 94
13 389 408
7 74 84
12 55 75
8 484 497
14 329 349
4 118 125
1 567 568
3 54 58
3 304 307
8 302 316
14 474 488
13 35 58
13 488 505
9 173 182
1 101 102
4 72 76
3 337 340
5 15 22
4 144 148
2 554 557
9 153 164
8 566 576
7 230 242
7 317 327
3 460 463
1 25 26
2 33 35
12 387 401
4 169 174
10 130 142
8 158 167
4 37 41
2 214 217
7 376 386
7 13 22
1 183 184
4 306 312
4 103 109
13 200 215
5 506 513
14 29 55
9 86 101
2 469 472
13 363 378
2 184 187
8 416 428
5 40 47
7 589 599
3 517 522
6 428 439
2 569 571
12 264 281
14 282 305
8 92 106
5 227 235
8 377 388
12 66 87
14 141 163
6 68 74
8 29 37
9 65 80
4 479 483
3 214 218
12 380 396
2 340 343
7 107 118
14 523 544
6 450 456
7 215 225
7 438 450
13 286 300
9 576 585
5 227 233
11 538 555
2 259 261
6 28 36
1 295 296
11 299 318
11 78 94
12 21 42
7 367 377
12 471 490
12 551 574
3 18 23
11 81 102
3 389 392
3 429 433
10 47 58
11 327 342
13 112 134
7 370 379
12 334 357
7 255 264
12 288 304
9 269 285
5 123 132
4 442 446
8 272 286
2 519 521
1 285 286
7 7 15
1 111 112
3 319 323
14 65 83
6 297 307
3 229 232
10 270 283
5 314 320
3 227 231
13 186 204
1 352 353
8 7 21
10 202 213
1 268 269
12 303 323
10 585 595
12 295 315
4 128 135
9 204 219
2 292 295
8 405 413
1 260 261
3 550 553
1 370 371
11 394 415
12 377 398
14 196 220
2 128 131
7 186 193
9 148 157
3 43 46
10 342 353
3 256 259
2 273 275
10 302 317
5 289 296
6 492 502
8 541 550
7 163 170
11 180 197
3 224 229
9 527 539
3 466 470
8 17 30
9 550 559
1 559 560
6 8 16
11 314 325
1 206 207
7 205 217
8 266 280
13 66 91
11 516 534
12 521 534
4 402 409
9 549 563
9 364 378
5 321 328
11 56 72
12 440 456
6 599 609
3 212 216
14 188 208
1 50 51
9 49 61
