350
12 25 48
10 42 55
11 418 438
6 361 367
3 268 272
1 523 524
11 194 211
13 369 393
2 520 522
12 678 698
1 429 430
5 311 316
3 46 50
2 529 532
10 568 584
1 217 218
1 305 306
11 285 300
4 305 311
1 104 105
9 278 293
14 525 548
3 459 463
9 498 513
11 682 694
4 2 6
12 216 230
12 588 603
2 118 121
1 587 588
10 298 316
4 614 619
7 45 58
5 138 147
12 267 286
5 299 305
3 456 461
4 530 536
14 185 202
7 410 419
5 56 61
8 123 136
13 585 600
9 685 696
14 435 453
1 506 507
7 335 342
9 0 9
3 590 595
9 578 589
13 83 101
11 250 264
9 428 445
6 173 179
4 531 535
7 556 569
8 260 272
1 482 483
1 32 33
4 185 192
1 669 670
9 614 630
10 15 29
5 50 57
7 133 142
5 680 686
9 339 350
1 678 679
3 217 221
13 432 455
1 303 304
5 567 575
14 296 323
12 653 668
3 435 438
11 378 393
14 680 707
9 201 215
12 553 565
2 239 241
13 325 342
11 167 188
8 259 272
7 86 96
2 214 217
10 64 82
8 264 277
14 525 541
2 663 666
7 617 624
8 545 559
5 220 229
12 212 235
8 557 570
3 593 597
6 54 61
2 449 451
4 279 285
2 146 149
8 65 78
12 175 198
6 183 194
9 93 103
10 48 59
2 79 82
7 113 125
9 641 651
6 226 234
14 214 238
3 419 422
7 547 556
12 251 267
7 290 302
7 137 148
2 608 611
12 219 237
7 106 118
12 89 101
5 399 405
13 110 133
7 264 271
3 531 534
4 180 184
12 313 328
8 668 678
11 236 257
6 639 645
2 538 540
5 582 587
1 509 510
7 96 107
9 603 614
13 4 28
8 283 293
6 442 451
14 489 509
7 679 689
1 695 696
6 653 661
1 348 349
13 212 225
3 178 183
13 619 636
4 184 190
2 68 70
5 268 275
1 367 368
14 491 506
9 695 706
9 597 606
6 238 249
4 472 478
3 542 545
1 453 454
6 579 587
11 469 480
13 661 684
10 38 50
14 131 152
2 115 117
8 603 618
14 467 492
3 422 425
7 193 205
5 386 392
5 92 100
1 103 104
9 102 111
12 115 132
10 341 351
7 225 235
6 643 654
8 571 584
10 191 205
3 5 9
5 626 634
11 56 74
12 80 99
13 321 344
3 237 240
11 454 468
7 478 485
12 449 465
8 481 495
10 241 259
4 260 266
7 654 667
6 151 158
2 118 121
7 654 664
1 588 589
6 70 80
5 192 199
11 255 267
1 94 95
6 160 171
3 625 630
11 573 591
6 624 632
14 119 145
9 577 590
3 574 577
4 103 108
3 419 422
7 190 197
8 587 602
2 98 101
12 125 141
14 588 611
6 34 41
9 498 514
8 248 261
14 503 519
5 139 147
3 63 68
8 221 232
8 319 334
9 319 334
13 581 596
6 421 429
13 470 495
2 350 353
5 426 432
5 496 502
3 491 496
2 295 297
14 312 338
4 665 670
13 682 707
9 318 328
8 627 639
12 332 353
3 43 46
14 229 252
2 430 433
4 212 218
13 223 247
9 495 510
12 360 381
7 459 467
14 231 247
5 22 27
9 406 419
13 563 587
13 92 114
12 430 453
13 454 479
12 418 432
8 7 18
1 342 343
5 200 205
3 29 32
7 295 304
4 200 207
12 282 294
12 399 422
8 488 499
1 525 526
11 643 660
7 481 493
11 562 575
5 384 389
5 370 379
1 484 485
14 322 348
14 607 627
1 687 688
13 367 392
8 669 684
1 632 633
7 455 462
12 392 407
8 683 692
10 1 13
1 655 656
1 302 303
4 507 514
8 37 45
2 110 112
3 283 288
2 467 470
10 500 515
5 33 42
5 91 100
13 70 90
5 300 308
11 163 176
11 372 392
3 265 270
10 547 565
4 218 224
5 309 315
1 439 440
13 437 452
9 584 597
4 233 240
10 193 209
10 559 569
13 171 189
7 64 77
14 663 683
9 576 588
6 616 623
11 85 98
2 355 357
11 302 319
14 666 684
8 336 344
1 422 423
9 184 199
3 203 207
1 663 664
10 46 56
7 312 323
11 485 499
13 180 200
6 699 707
9 398 411
12 624 644
4 477 481
8 622 631
12 22 41
1 94 95
12 32 54
1 324 325
13 621 644
9 300 309
7 271 281
14 144 166
9 173 190
9 649 658
14 687 710
4 656 663
6 184 193
9 164 180
14 111 125
5 284 290
7 300 307
4 196 201
4 361 367
6 133 143
7 356 365
10 5 24
9 458 472
2 24 27
9 211 226
1 521 522
10 322 334
14 360 385
10 328 340
