400
11 108 124
8 579 591
11 42 63
9 224 235
2 291 293
14 690 715
6 718 725
9 414 423
11 408 420
5 723 728
10 660 670
6 268 278
9 499 510
3 118 122
10 710 721
11 219 235
2 681 683
2 226 229
7 717 726
5 125 131
14 290 306
8 82 90
12 284 300
11 542 562
6 298 304
7 509 518
8 766 777
6 577 585
10 568 578
1 408 409
2 226 229
5 295 304
9 662 679
2 669 672
12 437 450
9 790 805
6 492 498
8 515 526
14 289 308
8 457 468
9 692 707
3 369 374
9 462 479
9 603 615
4 656 661
10 652 671
13 49 72
13 377 395
5 648 654
11 591 602
3 664 667
8 435 450
1 467 468
6 85 94
9 634 647
13 792 814
3 231 236
2 701 703
6 780 790
8 130 143
3 159 163
13 409 422
5 250 259
11 369 383
14 545 563
7 385 392
1 171 172
11 607 622
5 314 320
5 504 511
7 562 574
5 221 227
1 327 328
7 272 282
6 316 323
13 64 88
8 66 74
6 633 643
10 116 128
1 558 559
3 728 731
6 41 52
4 30 34
14 188 207
8 720 730
10 756 774
1 104 105
7 435 442
4 413 418
2 118 120
4 195 199
14 209 225
3 109 113
2 624 627
6 311 321
13 488 507
9 209 219
4 581 586
10 735 751
12 583 601
8 699 708
13 546 560
1 318 319
14 164 178
14 393 420
10 362 381
7 258 265
6 50 58
6 465 473
9 278 291
11 286 303
12 731 750
14 434 450
9 2 12
8 541 554
4 631 636
6 295 306
10 438 454
8 277 292
7 140 148
14 357 383
3 541 546
1 54 55
11 203 221
1 448 449
14 658 672
1 215 216
10 728 745
12 373 389
13 516 537
9 104 116
7 129 140
12 326 340
5 35 43
13 767 791
3 688 692
5 364 371
11 461 478
14 52 75
7 482 494
6 67 75
12 379 397
3 424 428
11 539 552
5 688 693
12 323 346
3 70 74
8 389 399
6 334 342
14 518 537
12 11 29
14 486 511
13 99 119
14 672 691
13 616 636
2 121 124
6 689 700
10 669 687
10 37 49
1 370 371
14 220 243
10 586 598
6 234 242
6 470 479
6 364 373
7 404 415
11 632 647
7 458 466
8 371 385
9 69 83
12 205 228
14 793 808
12 434 455
9 50 59
13 393 406
2 305 307
13 77 91
5 151 158
1 52 53
7 331 343
1 321 322
2 366 368
13 529 549
12 41 64
7 781 794
7 200 212
10 183 199
8 191 199
10 742 758
2 335 337
7 378 386
5 124 130
6 269 280
8 404 415
12 715 728
4 181 187
4 720 724
12 269 286
1 96 97
8 307 317
7 262 271
3 740 745
13 242 261
12 120 135
12 577 594
14 342 368
7 183 191
7 117 130
14 455 481
14 355 373
8 427 436
11 491 505
6 428 438
10 499 516
13 573 587
11 441 458
4 450 455
10 555 565
1 445 446
5 615 620
9 17 31
13 796 820
12 655 676
4 35 42
6 171 181
7 219 226
1 436 437
9 777 789
10 559 572
1 18 19
1 796 797
2 778 780
13 96 111
11 538 558
9 28 45
4 798 803
1 693 694
11 614 628
2 709 712
5 642 649
1 623 624
6 316 327
5 461 470
6 737 746
7 102 109
10 624 634
6 549 557
1 393 394
10 639 654
1 426 427
2 179 181
2 241 243
13 279 299
8 369 380
3 145 149
14 241 262
5 426 434
8 436 450
13 756 781
7 510 523
12 480 492
13 92 110
5 100 105
2 384 386
12 236 252
9 567 583
6 362 371
4 160 167
7 584 596
10 751 765
10 665 676
11 57 73
9 432 448
10 222 239
10 354 371
2 378 381
3 646 651
9 607 624
2 645 648
9 402 412
13 398 413
11 484 504
1 606 607
9 273 290
1 460 461
2 273 275
8 598 613
8 177 190
12 649 663
3 20 24
2 751 754
4 326 331
4 421 427
2 1 3
1 210 211
14 79 94
12 733 756
11 493 513
12 132 153
3 103 108
5 645 652
7 680 690
7 65 76
4 13 19
2 77 79
14 765 787
1 635 636
14 382 398
5 303 309
5 672 678
7 127 134
9 127 137
8 621 633
10 694 711
7 449 457
11 139 159
6 215 222
7 429 438
8 598 611
6 670 676
5 291 299
1 53 54
2 618 621
2 725 728
1 292 293
7 464 477
10 277 294
4 560 565
4 257 264
7 322 332
11 549 569
13 326 344
6 47 57
10 200 211
9 25 37
2 390 393
8 607 615
12 193 212
6 491 499
4 277 284
8 746 756
10 71 86
9 20 30
12 609 624
5 151 156
1 320 321
8 79 93
12 75 94
5 247 253
9 0 13
9 83 98
5 599 607
6 737 743
1 256 257
10 307 326
10 366 378
14 278 296
14 254 272
3 234 237
10 368 382
8 534 546
1 468 469
12 774 795
12 4 23
11 104 116
14 771 788
13 146 164
1 518 519
12 486 507
12 555 569
2 511 514
8 399 410
12 706 725
10 271 284
7 643 650
1 406 407
8 751 761
6 552 558
8 458 467
5 628 637
13 29 51
6 597 604
7 770 780
12 546 558
13 5 23
1 362 363
9 303 319
5 637 644
12 416 432
12 101 119
3 663 668
11 536 552
1 4 5
12 564 585
4 436 443
2 699 701
9 336 347
9 204 219
1 795 796
9 567 581
