450
2 152 154
12 162 183
7 353 365
9 653 664
9 532 548
5 809 818
9 313 330
5 65 70
12 105 117
3 123 128
11 444 465
7 65 76
8 725 739
5 290 298
3 855 859
9 54 70
6 895 904
11 161 174
14 552 573
7 706 717
10 527 543
10 782 794
10 82 92
1 857 858
7 738 748
9 199 208
12 756 778
8 844 858
5 602 608
7 466 477
5 456 465
2 614 617
8 725 736
3 360 364
2 323 326
11 796 810
2 23 25
8 761 773
6 72 81
9 51 62
5 195 201
10 588 600
10 669 681
11 384 399
1 153 154
2 243 245
11 761 775
8 767 780
1 730 731
3 466 471
14 465 490
9 343 360
5 352 361
13 405 419
10 753 770
5 151 158
12 700 720
5 82 89
2 166 169
11 173 193
10 332 345
11 11 29
1 406 407
12 83 99
4 880 885
13 528 547
14 696 712
3 379 383
7 184 191
10 833 849
7 320 331
8 99 108
1 430 431
4 10 16
14 35 58
13 191 206
2 801 804
13 608 632
10 765 784
8 836 849
8 797 805
13 76 99
3 62 66
6 486 497
11 341 359
5 152 161
1 685 686
1 311 312
6 761 768
10 172 188
8 109 123
9 18 35
5 812 817
2 375 377
9 356 367
5 556 562
6 217 227
13 675 695
5 653 661
2 207 209
9 211 225
1 155 156
5 421 430
2 190 193
8 410 424
5 893 898
4 792 796
11 761 780
9 758 771
13 21 43
1 571 572
13 759 773
5 27 35
8 448 458
10 484 498
1 890 891
7 139 149
10 638 650
12 399 422
12 844 865
3 172 177
2 453 456
14 105 127
2 714 716
12 5 19
14 611 631
1 410 411
4 553 559
12 289 311
11 257 276
1 833 834
12 251 266
7 689 701
1 655 656
5 328 333
6 371 379
1 532 533
6 481 490
13 867 882
14 237 252
12 798 814
14 795 809
5 489 495
14 154 178
8 136 146
3 442 446
2 289 292
8 473 481
7 164 174
10 273 290
13 267 292
13 761 779
5 700 706
8 82 91
13 799 821
1 145 146
11 549 569
14 364 378
8 473 482
13 496 518
12 565 584
11 389 406
5 742 749
9 731 747
6 324 330
1 629 630
4 353 357
11 139 150
12 353 372
9 373 390
8 754 769
11 683 694
3 587 592
9 12 25
9 260 270
6 834 844
11 748 762
11 243 255
9 531 545
14 343 365
8 824 832
8 521 535
13 702 718
10 237 251
2 353 355
13 206 224
7 563 572
13 406 422
11 732 748
4 493 497
3 453 457
10 727 743
10 147 166
12 227 240
2 467 469
3 557 560
7 183 193
14 563 580
7 136 147
1 634 635
4 427 434
3 767 771
5 898 906
11 27 48
5 720 728
1 512 513
8 103 118
9 335 348
1 416 417
4 647 654
14 371 389
6 146 154
13 419 439
2 469 471
14 852 868
1 654 655
10 399 414
6 370 380
10 789 799
7 553 566
5 35 44
5 41 48
10 476 488
8 507 515
8 798 810
6 565 572
1 153 154
8 493 505
3 645 650
8 577 586
8 220 228
12 588 610
10 786 800
10 531 542
11 303 320
12 673 685
11 869 885
2 818 821
10 518 536
5 118 124
12 468 482
7 627 637
11 595 608
6 198 206
14 556 577
8 255 265
6 713 720
2 376 379
7 229 239
7 487 499
1 647 648
5 621 627
9 719 728
1 856 857
6 685 696
12 142 160
8 270 284
10 682 697
3 557 560
14 215 241
10 541 551
4 312 319
12 632 648
7 494 504
13 165 186
14 326 348
10 420 437
14 657 673
3 376 379
12 21 33
14 330 354
8 336 346
7 85 92
7 216 224
4 65 71
6 883 891
1 196 197
1 364 365
8 730 739
6 89 98
8 293 302
10 336 346
10 406 420
1 891 892
4 891 895
13 304 320
9 331 340
1 616 617
14 37 61
10 112 127
5 667 676
9 31 44
13 712 729
13 696 715
8 377 386
3 808 812
11 346 364
9 333 342
14 849 863
13 539 554
14 149 164
5 447 456
12 53 75
10 658 677
10 676 687
8 449 463
12 255 270
11 403 415
1 547 548
3 572 575
14 150 170
5 765 771
4 775 779
12 584 604
2 564 567
14 356 383
6 561 572
3 703 707
7 711 720
9 538 547
11 857 875
10 117 132
9 452 466
2 494 497
11 108 125
11 525 539
4 301 307
1 118 119
10 559 578
12 658 678
14 335 361
1 371 372
1 536 537
6 167 176
14 136 163
12 277 298
7 501 514
12 243 266
1 1 2
1 317 318
12 645 657
10 633 645
12 571 591
12 470 490
9 332 341
4 717 723
10 687 700
2 826 829
13 222 240
1 813 814
11 815 836
12 865 886
11 817 831
10 796 812
1 719 720
7 142 150
8 48 61
4 891 898
2 773 775
11 376 392
12 683 695
13 488 512
9 164 175
8 429 437
11 183 195
11 640 653
14 227 251
12 53 74
1 692 693
9 55 70
9 359 374
10 487 503
10 563 580
1 760 761
8 562 572
6 283 293
8 869 881
10 615 626
14 413 433
3 707 711
13 657 678
9 456 465
7 305 317
13 448 463
14 574 600
2 530 532
3 467 471
14 469 489
10 673 686
5 238 245
1 334 335
2 623 625
8 8 22
14 235 257
11 159 178
1 807 808
9 262 276
6 852 859
13 359 378
9 829 838
4 619 624
12 252 269
5 831 839
11 898 916
6 413 419
2 868 870
2 453 456
9 118 129
2 623 625
1 108 109
5 100 107
9 806 823
12 857 877
6 815 821
11 122 137
3 439 443
11 172 185
13 247 271
1 768 769
6 273 282
13 354 376
6 600 611
2 50 52
12 778 801
11 537 558
3 607 612
2 265 268
4 898 902
12 229 251
13 95 114
14 516 533
13 849 863
14 39 65
8 259 269
8 432 446
3 107 110
3 58 63
5 250 258
9 500 513
10 358 370
12 354 369
10 465 479
3 76 79
11 245 261
2 524 527
9 744 755
8 879 889
13 257 279
7 134 142
5 183 191
