500
9 733 749
2 670 673
10 196 208
1 535 536
7 472 485
13 696 717
5 927 934
2 130 132
1 655 656
10 702 720
13 564 585
13 822 846
1 223 224
5 370 376
4 593 600
11 106 127
4 553 558
13 199 221
9 646 659
1 850 851
13 523 542
2 34 37
4 612 619
7 555 562
3 451 455
6 170 177
10 4 19
5 189 195
2 479 481
8 886 899
12 146 158
3 75 79
3 635 638
8 295 305
14 480 496
5 462 469
8 763 773
9 177 188
13 434 447
5 224 229
11 903 916
3 565 568
1 917 918
12 391 411
11 379 395
5 139 145
3 533 538
1 227 228
6 77 88
4 199 206
12 387 405
6 900 908
9 368 378
2 651 654
6 304 313
1 580 581
9 412 422
6 960 967
13 691 705
1 948 949
6 387 393
4 751 757
2 684 686
7 865 878
12 52 66
4 396 401
12 906 927
9 67 77
2 381 383
10 649 664
9 290 299
2 836 839
4 529 536
4 181 188
12 47 67
9 756 765
2 561 564
8 629 637
6 276 287
14 381 405
6 454 465
12 186 206
2 949 952
6 939 945
10 74 91
9 133 148
1 352 353
10 743 755
5 374 380
5 289 297
12 704 721
6 263 272
10 436 454
7 879 892
1 86 87
7 153 160
1 118 119
8 390 399
14 342 367
9 429 445
4 216 223
14 151 172
9 881 891
5 655 660
5 913 918
6 523 531
12 872 887
13 884 907
5 787 794
2 227 229
1 517 518
8 565 578
7 864 876
14 969 986
5 205 210
3 282 285
8 883 892
9 369 381
1 803 804
4 511 516
7 109 116
2 259 261
14 368 385
11 321 342
1 467 468
9 191 206
12 268 281
1 134 135
13 177 202
3 508 512
7 625 635
8 368 379
13 511 529
10 162 174
12 734 757
5 109 116
11 22 43
4 593 600
1 775 776
10 475 492
12 783 805
3 164 167
13 742 764
4 329 334
14 869 883
14 3 21
11 440 452
13 868 888
11 544 555
8 366 374
3 995 1000
9 850 864
14 7 24
5 147 155
6 966 973
1 991 992
14 680 696
5 662 671
7 231 244
5 295 303
12 336 354
7 379 392
10 879 891
12 760 780
3 953 958
3 60 63
13 667 689
3 333 336
1 664 665
7 211 220
13 626 650
4 580 587
8 943 957
1 906 907
6 646 654
4 905 911
13 178 199
11 419 436
10 803 815
4 251 256
2 985 988
5 11 16
9 596 606
2 949 951
14 224 244
13 673 694
13 835 849
2 133 136
13 734 756
7 168 179
13 288 302
12 816 836
10 405 418
12 730 743
10 770 784
12 466 481
6 582 591
9 150 160
8 747 762
9 750 767
10 702 719
6 955 963
5 693 701
5 211 217
14 163 188
13 528 547
2 380 382
9 166 176
13 888 904
3 959 964
5 118 124
4 992 997
8 205 219
9 570 584
4 444 449
12 968 981
13 296 310
2 382 385
12 855 875
7 704 717
7 804 811
5 194 199
9 281 290
12 9 29
10 657 669
14 213 238
5 219 225
7 791 803
13 997 1013
9 270 281
14 926 951
5 980 986
6 712 718
4 871 875
13 693 717
10 724 734
13 30 52
10 814 824
11 424 444
5 357 365
6 711 721
12 903 923
7 84 94
11 332 353
10 666 677
1 614 615
13 684 700
10 49 67
3 249 252
10 620 635
2 880 883
12 210 231
14 764 781
3 957 961
8 384 397
4 150 156
2 479 481
9 168 177
2 787 790
11 887 907
5 52 61
14 89 114
1 979 980
6 397 405
8 238 250
10 210 223
2 841 843
5 85 90
1 84 85
7 432 445
13 575 598
2 5 7
9 918 930
1 474 475
8 215 223
9 556 565
11 609 626
4 94 100
3 358 361
9 568 581
11 723 741
6 66 75
5 720 727
5 720 728
6 698 709
8 838 850
13 366 384
3 183 186
2 550 552
1 905 906
14 824 839
12 910 926
7 913 920
4 222 228
6 952 961
9 634 643
4 492 498
4 705 710
6 712 719
13 633 657
1 769 770
2 613 615
9 592 603
8 544 552
1 962 963
8 161 170
6 78 88
12 986 1002
13 724 737
5 722 731
8 575 589
14 863 883
2 870 873
13 588 610
4 447 453
14 138 154
12 365 387
2 757 760
13 321 341
5 394 403
1 656 657
9 282 298
2 37 39
3 804 808
6 36 42
3 601 606
3 754 757
13 691 713
10 110 122
6 651 659
8 648 662
13 458 477
12 482 494
14 765 787
14 169 192
13 566 583
1 981 982
8 429 441
6 911 921
3 268 271
5 8 13
4 455 461
14 536 550
3 655 659
8 429 438
7 569 579
9 654 666
5 104 109
10 862 872
3 186 190
11 904 918
7 399 407
6 717 724
6 422 432
10 94 109
14 897 913
3 471 474
1 0 1
12 200 216
11 215 227
8 444 458
14 628 642
7 741 752
13 835 858
6 408 417
4 181 187
11 342 360
2 74 77
2 414 416
2 948 951
5 398 404
9 509 520
1 83 84
2 561 564
3 25 29
1 535 536
13 675 699
4 963 967
1 252 253
13 539 562
2 620 623
11 153 171
12 579 594
7 705 718
11 695 708
7 809 822
2 439 442
10 597 616
3 346 349
3 555 559
6 406 414
4 289 295
14 993 1019
12 716 736
1 938 939
4 784 791
14 725 740
11 328 339
4 671 675
8 629 644
8 307 321
11 612 625
13 34 54
13 214 236
11 498 512
11 344 364
10 186 196
4 411 418
10 523 533
11 969 982
13 942 959
11 897 909
1 797 798
10 659 678
6 492 499
5 985 993
6 246 257
7 998 1011
13 493 508
12 281 293
7 954 966
14 283 310
4 460 464
8 373 384
6 238 248
4 407 412
5 576 581
3 618 621
4 354 361
1 837 838
12 485 501
11 848 861
7 823 834
9 920 932
2 132 135
10 4 19
9 173 183
10 223 233
13 87 104
12 232 247
3 698 702
3 363 366
3 883 887
6 487 496
8 770 779
13 352 365
2 442 444
14 617 642
13 947 968
6 268 279
8 222 230
9 440 455
3 547 551
5 543 548
5 107 112
5 59 64
10 161 172
1 949 950
7 546 553
7 974 986
12 597 613
12 582 602
14 882 901
10 691 702
4 129 135
11 390 408
14 664 680
12 109 126
2 828 831
12 977 994
4 999 1003
5 830 837
8 144 157
5 417 425
13 425 450
7 835 847
13 63 88
14 162 177
12 23 42
13 764 788
6 999 1008
11 128 146
5 561 568
6 400 410
4 839 845
6 565 576
7 776 785
2 408 411
4 941 946
7 251 258
13 448 472
10 60 71
7 934 943
8 279 290
10 152 165
13 843 859
5 461 468
14 21 44
13 650 669
5 199 205
