100
4 0 8
19 13 36
24 15 46
19 15 44
9 28 47
14 19 37
2 25 32
10 28 45
10 42 62
7 35 48
13 22 37
6 39 53
20 30 58
6 34 46
6 44 59
5 39 47
12 37 50
18 48 69
7 44 54
6 68 80
8 52 67
9 65 77
25 56 81
15 61 85
10 71 84
9 83 97
23 70 103
9 90 108
13 89 112
14 85 107
14 101 122
15 90 107
18 97 123
15 101 116
2 107 114
15 111 134
15 124 145
10 111 123
7 121 135
17 124 144
30 141 180
2 137 145
12 132 150
14 144 158
13 136 159
8 131 147
11 147 158
15 161 182
16 142 162
9 158 173
30 165 196
13 170 191
9 166 181
6 171 187
13 164 177
4 174 179
7 185 202
27 177 212
24 196 229
10 185 198
6 186 202
7 193 208
21 188 210
12 202 223
8 199 217
23 209 233
9 212 224
15 221 243
14 207 230
8 222 231
6 219 234
14 214 236
7 221 231
14 233 250
9 230 243
15 236 259
7 251 258
11 236 252
8 239 250
20 260 287
5 251 259
14 250 274
28 261 291
8 250 260
8 268 283
14 278 302
19 260 280
7 269 276
2 271 275
9 285 294
11 268 285
20 293 314
10 292 302
10 301 319
10 285 296
15 290 310
14 303 317
3 304 309
8 295 306
4 303 311
