150
3 4 7
5 8 18
10 14 28
8 3 14
6 7 22
11 6 26
6 10 24
15 8 28
7 16 26
7 22 39
25 19 50
17 21 46
8 25 39
2 22 25
12 35 57
15 41 66
14 55 75
21 51 82
16 66 83
12 45 67
12 61 82
9 55 71
10 68 88
13 76 94
12 73 92
6 70 79
14 71 89
15 69 93
10 92 106
6 82 93
11 84 97
6 97 112
19 84 106
10 100 119
4 105 118
7 103 116
15 105 130
10 115 133
17 113 130
7 108 124
16 102 120
23 116 139
28 127 156
7 129 140
8 132 149
17 134 161
4 133 143
18 149 168
9 155 173
10 145 157
4 143 155
13 151 171
16 150 176
10 153 169
12 147 167
10 149 169
9 162 174
26 158 184
8 165 173
15 182 197
7 190 198
12 172 184
17 198 225
3 180 189
7 189 206
13 191 214
6 190 198
6 194 200
7 192 199
5 207 212
3 201 208
9 196 211
6 190 198
14 217 236
28 214 247
6 212 223
14 214 235
15 212 230
13 220 239
28 226 264
16 241 263
18 241 265
10 244 255
15 252 268
8 247 264
8 259 267
21 245 267
8 262 280
15 254 277
15 277 294
12 278 299
23 271 295
10 273 286
14 273 293
6 287 297
19 287 315
13 283 300
7 286 299
7 281 288
13 295 317
2 291 296
25 292 317
7 298 307
15 309 327
3 299 307
6 298 310
10 314 330
22 317 348
9 329 342
6 322 337
8 317 330
14 335 352
12 328 345
15 332 350
5 331 342
8 333 346
11 330 344
9 351 368
16 351 367
14 358 382
7 339 347
23 353 381
11 355 371
17 373 398
6 375 391
5 368 382
20 372 401
28 375 413
9 378 388
6 393 406
23 391 414
14 401 425
8 404 413
8 403 413
3 392 401
7 386 401
7 392 405
11 411 429
8 396 414
15 412 429
10 411 428
12 413 432
3 420 429
12 406 418
12 421 433
14 432 450
11 421 435
9 417 430
24 442 474
15 431 451
