200
10 7 17
14 12 36
11 10 23
11 22 42
9 7 24
17 33 59
15 24 47
19 28 53
13 23 40
11 40 57
10 31 45
21 44 71
8 45 58
9 43 62
13 46 69
3 63 74
2 41 46
6 43 55
11 60 74
14 57 75
9 50 66
7 69 83
18 66 92
27 64 94
7 75 87
29 88 121
28 87 122
17 88 105
2 96 104
13 107 130
19 90 116
9 99 112
10 102 112
7 105 115
2 119 123
10 101 120
3 120 130
12 113 133
13 126 147
10 123 139
9 118 137
13 124 145
25 139 168
6 130 139
13 146 161
9 142 151
8 139 152
8 151 163
6 145 151
12 142 158
12 151 167
11 161 179
2 146 157
17 154 180
11 163 183
6 162 173
26 162 197
8 161 174
16 176 193
13 182 198
21 173 197
7 176 190
5 186 197
9 188 203
11 181 197
15 189 205
9 199 214
8 194 207
15 193 209
20 214 237
14 214 231
25 223 252
14 218 242
19 215 244
11 229 243
19 239 268
6 231 238
13 234 255
4 239 252
6 237 248
3 241 249
10 234 246
10 238 249
4 243 253
8 260 271
8 246 259
6 252 262
2 266 277
14 254 274
13 263 282
28 273 303
6 281 289
7 283 296
29 282 316
12 271 286
9 284 294
19 297 316
10 287 297
5 291 303
7 289 306
6 302 314
6 292 307
14 301 319
9 295 306
7 313 326
14 298 319
2 316 327
10 323 338
10 315 325
15 316 337
8 311 324
19 318 345
6 321 330
11 338 355
20 337 366
11 332 352
14 347 362
27 339 376
9 344 359
14 363 380
13 369 386
12 372 387
27 359 393
14 366 383
8 380 397
9 364 376
8 381 396
12 380 401
6 381 395
9 370 389
18 395 420
3 379 385
17 404 422
13 386 406
9 399 417
15 401 418
4 393 399
9 408 417
10 412 428
12 411 426
6 414 430
6 408 419
9 411 421
3 418 427
2 410 419
9 409 420
19 415 440
6 432 439
14 432 446
10 419 430
6 427 442
23 439 463
8 435 445
8 444 462
12 443 459
30 448 485
7 448 457
18 466 490
12 469 487
8 471 482
26 465 498
8 477 493
14 482 497
20 477 501
8 476 485
15 477 496
14 489 513
12 484 503
10 485 499
17 512 539
8 495 512
26 507 539
10 514 533
7 516 532
15 520 542
2 511 523
12 521 536
11 522 536
7 514 523
19 537 565
2 541 553
7 534 546
28 546 583
23 544 574
11 550 565
5 542 548
11 555 574
14 564 582
15 547 569
26 577 612
12 566 583
9 571 589
9 563 579
7 567 580
9 586 599
30 580 613
14 582 599
15 584 605
9 604 613
10 598 611
