250
8 6 16
12 5 21
19 11 37
16 13 38
9 25 41
14 14 33
8 25 37
8 29 41
16 18 37
11 38 51
29 41 73
9 43 54
6 56 64
18 49 69
4 54 59
14 44 66
6 50 64
17 50 73
18 57 84
10 61 81
10 74 93
8 61 74
14 70 88
7 87 102
8 66 83
10 75 95
9 79 91
8 87 101
13 92 115
5 93 103
8 82 100
12 83 99
17 90 109
14 97 117
8 98 109
15 113 130
27 120 149
5 123 137
7 114 123
28 133 169
10 125 141
6 129 139
5 119 131
11 133 144
5 126 133
6 131 143
7 127 134
29 153 182
5 145 155
6 147 153
13 156 174
9 164 175
2 151 163
15 153 176
23 157 184
10 154 169
10 172 183
8 161 174
19 174 200
11 182 197
4 170 182
13 191 214
9 195 211
3 186 192
13 174 187
13 201 220
5 178 188
11 187 207
25 206 234
2 195 205
17 202 226
7 201 211
14 202 218
3 213 218
26 220 248
18 219 246
19 220 246
12 227 248
13 241 256
17 239 257
29 244 280
6 247 256
9 242 255
8 262 276
10 246 261
13 250 268
11 258 270
14 264 280
14 264 278
14 279 297
15 284 308
4 269 274
6 276 290
7 266 279
14 290 311
7 286 301
6 279 294
7 295 306
8 288 306
12 295 317
12 285 300
8 285 298
5 301 312
13 289 307
4 312 324
18 302 324
13 306 329
13 303 321
4 312 323
13 305 324
6 315 326
10 319 339
9 320 338
9 313 332
6 314 330
29 337 371
10 335 353
6 349 360
21 342 373
9 347 361
6 335 350
2 355 366
6 342 355
6 351 366
23 357 381
11 361 382
15 369 390
20 380 409
2 359 361
13 366 381
7 370 383
10 376 393
21 381 412
5 372 386
15 382 397
10 394 411
14 388 411
11 407 418
10 409 427
14 402 422
26 418 451
6 404 416
17 409 431
20 408 430
8 420 436
10 433 449
10 415 433
18 428 456
13 436 459
12 431 449
4 438 445
10 430 444
10 452 467
7 440 450
6 432 439
7 455 464
24 447 480
10 462 478
10 447 465
5 452 465
21 474 500
6 460 468
13 480 499
10 483 495
13 475 489
13 472 485
14 491 515
6 485 496
6 475 484
6 483 496
9 486 505
6 480 489
18 489 508
6 491 506
7 488 502
8 488 506
23 512 544
3 516 529
13 519 533
12 520 542
12 527 541
11 510 528
23 517 550
14 532 548
28 540 568
2 534 546
10 531 551
12 534 547
15 532 551
14 547 564
15 551 570
21 567 591
12 547 568
18 576 600
2 563 567
11 557 574
8 566 583
11 576 589
9 561 573
11 586 601
10 590 604
25 584 618
10 590 602
12 581 596
16 582 605
24 597 627
6 594 602
10 595 606
10 597 607
19 616 640
26 619 655
6 613 620
13 629 645
8 624 639
17 623 647
12 629 641
18 644 669
18 632 652
8 638 655
9 643 652
9 644 659
9 646 665
15 643 667
11 654 672
14 654 677
8 661 678
17 655 672
27 672 701
13 684 705
8 676 686
9 682 692
12 696 718
13 693 716
12 696 710
9 694 703
5 688 702
14 700 722
24 696 730
9 715 725
11 712 732
10 709 728
11 710 721
7 710 723
15 719 739
15 712 727
9 731 742
25 733 761
10 729 748
6 734 746
11 742 754
