300
7 0 7
8 10 28
11 19 39
25 20 51
9 24 43
13 19 34
10 25 36
8 30 39
16 26 44
18 24 47
14 34 54
16 39 57
25 40 66
6 45 58
11 64 77
11 47 63
4 46 50
9 56 70
15 63 88
13 73 92
15 72 92
18 69 89
7 76 89
9 69 85
12 85 97
11 93 108
3 85 92
24 81 107
5 93 100
6 91 98
6 91 104
8 97 115
17 108 135
21 103 132
14 96 111
10 103 120
15 102 118
14 115 134
15 119 143
2 111 120
10 125 141
11 121 142
15 141 165
7 140 153
27 151 184
5 153 167
9 154 168
8 136 148
14 139 154
19 159 187
6 152 162
15 158 180
24 159 193
15 181 197
17 173 197
19 171 194
8 168 184
14 186 207
6 186 196
17 194 214
25 189 219
17 195 216
2 207 212
8 200 208
9 194 212
10 198 213
16 218 238
10 204 220
28 209 241
11 216 229
7 221 233
15 217 242
6 238 249
28 242 271
13 237 258
24 246 276
3 248 253
7 251 266
10 254 272
8 263 279
8 261 277
10 259 273
17 262 288
6 254 269
9 262 280
15 261 277
16 265 281
21 278 304
20 281 309
13 285 306
13 293 311
6 299 313
17 285 311
8 297 311
7 295 303
4 312 316
8 293 304
7 302 314
28 322 359
9 310 325
10 305 323
5 316 326
4 324 338
8 332 346
14 324 339
11 324 338
8 334 348
11 331 349
10 333 346
14 326 341
11 348 365
15 338 363
9 351 360
14 358 378
14 345 366
9 353 370
18 361 386
21 370 399
10 369 385
12 368 381
8 372 385
15 376 396
8 379 390
29 384 413
10 393 406
18 386 413
5 382 396
29 392 431
9 397 412
10 398 417
22 421 443
26 416 443
7 410 423
8 433 443
21 422 443
3 425 428
6 423 436
15 421 442
9 433 447
8 431 441
9 444 458
11 444 461
3 445 454
17 438 459
11 443 464
15 452 475
10 455 474
9 459 473
15 461 478
10 460 478
9 471 482
12 463 479
10 469 489
12 473 490
11 479 493
27 485 518
16 498 520
12 501 523
2 497 500
12 498 514
15 511 528
10 512 529
12 510 528
15 510 529
10 522 537
2 514 526
6 508 519
2 514 525
11 512 529
12 519 540
8 534 550
6 513 529
8 527 543
13 518 533
4 538 552
6 538 544
6 523 530
7 538 547
10 524 535
24 534 561
6 543 550
13 535 550
10 550 570
9 544 562
13 561 582
14 546 568
13 560 583
12 565 584
18 562 583
14 569 592
9 567 581
14 586 610
2 581 588
18 584 609
10 583 600
9 583 595
3 596 608
26 586 622
10 600 619
11 598 613
16 600 626
27 623 653
10 618 628
7 609 622
13 615 632
10 622 639
6 625 636
2 628 633
12 615 633
8 616 632
14 635 655
8 627 636
12 625 647
11 642 658
9 636 646
9 652 663
9 657 673
11 653 674
13 658 673
8 645 660
15 662 677
6 656 665
7 655 663
11 664 679
19 657 684
7 668 676
10 666 686
30 673 712
15 684 704
23 687 712
14 687 711
29 709 748
20 697 717
21 705 732
3 716 729
10 727 739
9 714 733
6 723 731
14 734 758
17 737 762
6 726 741
10 725 744
3 741 745
10 731 741
6 731 747
5 748 762
12 750 768
7 738 746
6 744 758
9 741 750
2 734 744
4 751 761
9 738 749
8 747 760
8 751 768
14 754 774
11 747 759
13 755 776
6 759 772
11 775 789
12 772 785
20 766 793
11 776 789
13 780 798
15 794 819
14 788 811
18 790 812
12 794 808
19 788 816
9 793 802
3 810 816
11 806 818
11 814 833
11 810 829
10 824 838
14 825 840
5 824 836
15 828 848
26 826 858
8 833 848
4 826 834
8 823 836
7 839 849
9 847 856
14 836 860
10 840 854
28 846 880
7 852 859
5 863 877
10 863 877
30 858 889
10 875 887
16 877 901
10 875 886
23 889 920
12 869 884
5 887 892
7 878 892
8 885 902
17 887 906
