350
10 3 18
10 15 30
12 11 24
3 20 29
7 15 31
15 15 30
11 20 38
13 29 45
6 15 24
19 21 43
12 43 58
5 25 33
16 46 72
15 40 65
11 39 52
11 47 58
9 43 62
7 43 56
14 49 71
9 44 58
9 65 77
13 66 89
9 58 75
11 78 96
18 58 86
13 79 95
10 87 99
8 68 82
9 79 88
9 81 94
4 77 90
23 81 114
9 90 107
15 89 107
10 101 113
14 103 127
7 100 114
10 114 128
6 112 122
2 115 117
6 105 120
11 119 137
8 112 129
6 108 116
15 122 139
15 125 145
6 134 142
8 118 132
12 128 146
29 147 180
23 135 168
14 158 177
13 151 172
14 148 170
11 153 166
12 150 170
19 171 200
11 170 186
13 169 191
15 183 201
12 181 200
6 183 189
2 177 188
13 179 201
8 191 205
2 180 185
3 178 185
30 185 220
20 192 213
2 208 215
9 189 204
18 204 230
4 207 212
11 198 215
4 212 222
14 219 233
16 226 246
16 212 236
5 224 232
8 225 238
6 223 238
2 224 234
3 220 228
29 243 281
25 242 270
24 247 277
11 259 271
11 249 263
14 249 265
18 252 279
30 272 305
8 281 298
10 272 283
14 287 309
13 283 300
7 282 290
18 272 299
10 284 294
10 289 303
7 285 298
11 283 303
10 301 315
13 309 327
7 312 320
12 300 317
8 310 327
8 303 321
10 303 322
12 303 317
6 316 322
17 318 335
11 335 353
14 320 341
4 330 339
10 334 351
13 334 347
9 324 339
8 331 340
8 330 347
3 343 348
10 330 346
24 345 376
5 347 357
14 364 382
10 352 364
23 371 404
17 377 404
7 368 385
15 362 379
7 378 393
19 372 393
27 395 432
8 388 402
8 381 396
14 397 411
10 391 411
20 409 433
15 415 435
9 406 425
6 412 425
10 419 431
8 419 430
9 401 417
5 413 420
14 415 432
9 427 440
15 437 460
26 439 467
15 431 452
6 444 458
9 438 456
8 449 467
15 438 461
9 452 465
12 437 457
27 460 489
20 463 492
25 457 487
6 469 475
11 474 492
6 479 487
15 474 496
23 483 515
18 475 493
23 486 512
9 507 518
14 511 525
13 499 519
15 498 518
11 518 536
16 505 530
26 525 554
6 512 525
9 518 532
12 519 534
10 525 542
7 518 529
6 532 548
2 528 530
9 535 552
8 527 541
16 530 551
12 556 570
8 540 557
18 552 570
8 541 559
11 556 569
12 551 572
19 567 589
15 571 589
3 576 588
6 567 574
24 564 590
7 566 574
11 591 609
20 573 602
7 592 606
14 598 620
10 587 602
5 593 600
8 600 615
14 597 613
10 612 627
2 610 621
8 614 629
7 598 615
2 601 609
13 619 634
6 616 625
6 613 628
9 613 632
15 614 633
6 626 634
19 622 646
7 620 628
12 631 653
29 631 663
7 648 665
4 632 636
8 652 664
28 656 689
10 653 672
18 649 672
10 646 657
3 659 668
14 662 678
2 671 674
6 665 675
7 655 666
21 683 708
12 667 685
17 682 709
27 693 730
6 689 697
7 684 697
15 680 699
22 696 728
7 692 703
3 690 699
10 694 705
15 714 738
17 718 743
14 719 737
12 718 730
7 713 722
13 725 739
7 722 739
14 721 745
16 727 750
10 730 750
19 727 749
6 737 751
8 729 744
6 750 757
11 757 777
13 757 777
22 750 779
6 754 761
3 759 766
8 758 771
7 755 767
10 764 782
15 763 786
16 776 802
18 778 805
3 774 784
11 778 796
10 772 791
10 790 801
4 777 789
14 790 805
8 788 796
20 794 820
11 809 827
11 791 803
7 804 819
29 807 844
13 826 846
22 809 836
9 814 828
17 826 848
8 821 835
6 831 837
11 830 842
13 828 845
4 823 831
10 827 842
17 837 858
7 855 863
5 844 850
24 852 883
10 856 874
12 865 886
11 866 885
13 853 872
14 860 874
10 865 883
7 873 888
6 871 877
9 876 895
2 876 887
11 871 886
26 897 929
5 876 881
9 876 889
9 883 896
6 886 893
7 890 907
21 889 918
30 894 932
8 900 914
10 898 918
15 921 944
10 917 936
6 916 928
30 924 961
13 934 953
9 933 951
13 931 952
11 942 955
14 940 959
25 947 980
11 946 965
14 953 976
6 953 966
13 947 966
11 950 966
11 966 987
13 961 983
20 970 990
8 973 989
9 971 986
12 972 989
7 971 981
13 979 996
2 986 993
17 995 1021
9 982 1000
16 994 1010
10 988 998
9 993 1003
22 1000 1027
6 1003 1009
12 1017 1033
8 1024 1039
30 1021 1054
30 1039 1077
7 1036 1046
2 1020 1032
9 1023 1040
