400
5 9 20
8 1 19
11 4 23
14 14 37
14 6 22
8 28 40
29 14 51
20 38 58
6 43 54
8 34 52
10 35 53
7 49 62
21 42 65
10 45 57
16 44 60
6 46 53
15 43 66
9 45 60
15 60 77
27 74 108
2 66 77
13 64 81
5 67 77
9 71 83
8 75 87
28 72 100
8 73 81
5 82 97
10 87 101
30 85 120
15 96 119
12 108 125
6 103 119
12 108 129
6 111 122
6 116 131
28 107 136
8 128 137
13 128 149
14 126 149
19 121 142
10 143 155
6 144 158
11 131 148
13 148 164
7 155 164
29 140 177
7 163 175
10 152 168
25 162 195
9 175 193
8 176 189
10 176 196
9 160 172
18 172 194
12 184 204
15 183 199
9 174 191
10 198 214
10 198 211
2 186 195
10 192 208
9 202 214
9 194 207
23 193 221
4 191 200
15 202 220
22 216 241
28 208 244
12 231 250
14 220 241
14 236 258
12 230 243
9 240 257
2 230 233
3 236 241
15 227 246
7 235 244
13 240 255
8 244 253
6 249 263
11 249 264
14 251 267
19 257 282
14 249 265
7 271 286
10 264 280
14 269 290
19 280 309
6 273 287
16 269 285
9 295 311
10 282 298
6 288 298
16 278 299
12 289 304
9 289 306
12 305 323
8 299 308
13 293 315
11 294 312
12 316 330
8 308 317
11 304 316
5 317 326
10 322 332
12 324 337
12 321 340
11 325 344
6 323 329
6 329 340
9 325 338
13 343 366
6 338 350
20 335 359
9 339 358
10 344 362
8 340 357
13 341 355
12 347 365
9 355 368
25 374 401
14 365 387
7 362 370
11 383 403
7 371 387
25 381 409
28 391 429
7 387 404
15 397 419
9 383 394
12 398 412
2 387 389
11 390 410
16 408 428
6 393 406
9 398 416
7 406 419
13 400 422
2 410 418
9 409 426
6 419 430
16 423 441
11 436 457
12 436 454
11 419 440
16 442 466
6 437 450
11 437 449
10 430 445
5 441 446
19 437 463
10 449 467
3 460 472
23 449 475
3 460 468
10 467 487
19 451 471
11 461 481
12 475 487
26 477 510
10 477 488
5 469 475
14 493 516
8 493 508
12 487 508
17 501 521
15 490 512
21 502 526
2 491 500
15 506 530
24 507 541
13 526 547
13 511 530
7 520 527
29 519 550
8 520 532
12 540 562
7 531 546
27 537 564
12 551 570
20 554 584
7 562 571
12 564 579
21 561 583
12 571 591
12 571 588
15 558 575
7 572 586
12 575 595
13 577 599
30 580 618
21 583 611
22 584 611
3 605 610
10 603 619
7 589 600
8 610 628
9 600 614
8 601 615
12 620 632
7 602 611
12 613 633
12 617 634
16 614 633
7 619 632
12 638 656
13 635 651
18 639 666
2 635 646
14 625 649
7 639 646
11 635 656
14 647 669
6 646 653
8 642 657
25 642 669
13 660 673
14 656 678
10 662 677
8 662 672
7 656 665
9 670 686
11 680 699
17 666 683
16 671 689
6 676 688
13 686 706
13 689 711
8 696 707
5 700 708
6 688 696
5 699 704
6 698 711
15 704 725
13 693 710
18 699 723
27 712 739
13 721 740
11 724 741
12 731 745
7 720 732
6 728 738
8 718 730
12 740 761
8 744 755
30 731 767
25 745 776
10 741 753
3 739 747
4 744 751
10 751 767
30 772 809
4 755 759
22 768 799
7 771 778
10 770 788
20 778 801
19 785 807
28 787 818
2 781 790
18 792 814
15 810 827
9 795 804
13 803 824
10 808 824
4 799 811
14 813 830
15 809 830
8 816 831
11 814 832
10 832 845
10 819 829
9 834 850
11 832 846
6 824 839
11 834 845
6 831 843
9 847 857
6 833 839
11 838 856
7 846 860
12 841 857
12 844 866
15 865 888
9 844 862
2 860 865
11 856 869
18 874 898
6 855 861
7 856 866
24 870 901
6 867 883
8 869 877
16 875 896
14 885 907
15 891 916
8 878 890
15 891 909
4 884 898
11 896 912
24 907 941
10 910 927
12 899 914
11 912 926
9 901 915
8 910 926
12 926 945
13 923 936
6 918 934
8 912 930
6 935 942
8 938 953
8 932 945
13 941 964
10 935 953
7 943 957
6 945 954
10 941 951
7 954 970
7 941 954
10 943 957
8 948 962
27 953 988
9 956 968
3 956 960
10 967 980
8 955 971
9 979 993
5 978 983
9 965 978
3 982 989
26 969 995
6 976 990
14 972 996
28 1001 1031
9 987 1006
26 989 1019
8 1009 1018
6 1002 1014
10 1005 1022
29 1018 1051
26 1012 1043
9 1016 1034
9 1034 1046
18 1026 1054
18 1025 1050
2 1032 1044
17 1032 1055
13 1034 1056
10 1047 1065
3 1039 1051
10 1042 1052
8 1052 1070
18 1046 1064
11 1062 1075
14 1068 1090
18 1050 1077
19 1068 1088
18 1063 1083
27 1066 1100
4 1084 1090
6 1076 1084
14 1071 1095
18 1086 1105
10 1081 1098
11 1088 1100
16 1095 1119
13 1100 1115
9 1101 1110
10 1112 1132
12 1104 1118
4 1097 1104
8 1122 1130
3 1118 1129
2 1120 1128
3 1117 1126
8 1112 1130
9 1111 1125
15 1117 1132
18 1123 1147
2 1116 1125
20 1130 1152
10 1137 1151
14 1142 1165
6 1130 1140
14 1154 1168
2 1138 1148
9 1141 1150
19 1159 1182
9 1143 1158
11 1163 1179
11 1162 1182
15 1169 1187
20 1156 1176
9 1174 1187
17 1186 1211
5 1178 1186
11 1182 1201
15 1174 1199
