450
12 1 18
12 6 21
10 15 28
8 3 17
6 9 18
14 15 39
10 32 49
7 20 27
19 25 48
28 43 80
9 35 44
8 39 52
3 38 51
25 51 83
25 43 70
6 60 71
10 50 61
9 57 66
11 53 67
13 76 91
9 72 83
22 76 99
6 70 80
7 67 84
9 74 89
11 76 92
16 74 90
15 85 105
18 101 125
2 83 88
2 101 104
3 90 99
4 96 107
9 89 101
12 97 113
15 102 120
12 110 130
15 99 118
8 113 131
10 103 116
20 112 132
19 130 159
8 125 141
10 124 136
12 129 143
7 127 134
12 135 157
11 136 148
10 139 155
8 141 153
8 134 151
13 147 162
8 147 161
14 156 170
11 157 173
13 170 185
11 162 179
11 163 182
15 177 194
7 163 170
6 169 179
27 168 204
7 173 181
6 176 182
10 183 202
17 181 206
15 181 199
3 198 211
18 194 217
15 206 228
15 213 237
12 208 224
12 208 229
25 219 252
11 233 245
29 240 269
22 232 263
15 230 250
8 228 241
11 250 262
19 252 280
13 262 279
16 260 277
24 255 283
16 255 271
23 281 311
3 269 275
28 291 327
9 280 294
7 282 298
6 286 295
9 279 295
8 292 307
19 297 319
13 298 321
6 290 306
13 292 309
11 296 317
14 317 334
6 309 318
17 303 324
6 313 324
13 320 335
10 319 332
18 320 344
22 328 358
9 329 345
16 331 353
13 348 368
5 338 347
12 354 366
6 356 367
20 344 373
6 340 351
6 344 350
6 362 374
16 346 362
12 358 375
16 355 375
13 374 389
10 361 376
12 385 404
4 375 386
27 370 399
25 395 430
13 395 411
8 403 411
12 399 419
8 392 408
2 410 420
9 404 419
28 408 446
9 409 425
7 413 430
6 417 429
13 421 440
9 423 438
11 424 437
9 429 438
7 428 445
12 428 446
12 441 463
12 431 447
3 423 426
11 436 456
8 452 468
14 443 465
28 444 480
17 447 471
5 459 472
10 458 473
10 462 480
8 459 468
8 455 465
8 477 491
10 465 483
8 470 486
6 466 475
8 475 491
19 468 492
30 496 536
8 502 516
14 484 504
8 494 508
9 488 503
9 488 505
17 514 541
13 496 519
5 501 510
2 521 532
15 517 541
26 518 552
15 517 535
19 527 550
13 529 551
14 528 550
12 541 562
9 537 554
19 552 574
3 554 558
9 541 551
9 550 565
11 554 571
21 555 585
2 560 567
16 558 576
6 566 577
23 560 590
10 572 589
4 576 580
8 583 596
25 577 612
6 581 596
14 588 608
5 581 592
5 597 611
29 601 638
18 611 633
12 602 617
7 607 618
29 616 650
10 614 631
9 611 624
8 607 620
13 622 638
9 626 638
15 627 651
19 642 668
11 627 646
22 646 668
6 634 643
13 645 667
14 653 670
16 664 683
14 648 668
14 653 668
11 659 680
9 661 676
15 664 687
15 681 702
8 675 690
14 674 689
13 685 700
5 692 700
10 679 693
8 683 691
3 690 702
5 680 692
20 702 723
9 702 718
9 693 703
7 701 712
15 713 731
24 706 736
3 719 728
17 704 723
2 708 720
15 717 736
15 712 735
10 720 738
11 727 746
28 735 767
14 739 759
15 740 758
16 743 767
12 738 756
6 740 755
14 745 760
10 761 778
6 760 769
6 761 777
19 761 786
4 766 770
28 786 818
6 778 790
13 786 807
17 782 809
7 783 798
2 788 800
11 791 803
10 786 804
4 791 795
13 786 802
10 806 819
30 792 822
22 811 837
8 813 829
23 815 848
11 818 838
5 814 826
6 811 819
29 842 881
8 840 855
5 828 841
12 824 838
10 839 855
6 829 844
15 846 870
6 857 869
23 842 870
2 855 864
8 854 865
5 855 862
10 850 865
5 854 869
2 854 866
13 858 875
7 867 878
21 873 901
13 863 886
27 889 924
7 882 893
7 890 905
12 890 905
14 888 905
9 899 914
11 885 906
30 915 955
6 915 923
14 909 932
13 905 923
3 910 916
7 917 927
7 915 924
18 915 939
12 920 942
10 933 948
14 925 944
7 937 951
11 945 960
15 937 956
7 939 949
14 943 961
14 954 973
10 942 952
10 956 972
2 942 950
6 945 952
8 951 968
9 945 955
8 961 971
20 972 993
13 966 981
8 963 972
7 975 992
15 967 990
14 980 998
5 979 984
6 991 1003
18 985 1003
11 992 1009
9 991 1006
16 999 1025
9 1001 1013
6 989 1004
6 999 1009
8 992 1008
10 1003 1016
8 1011 1028
14 998 1020
14 1022 1044
8 1005 1015
27 1020 1050
7 1019 1036
15 1030 1050
2 1036 1047
7 1026 1041
14 1031 1050
7 1023 1033
19 1047 1073
30 1048 1078
8 1043 1051
8 1051 1069
17 1057 1074
20 1053 1083
12 1057 1069
17 1073 1099
11 1077 1097
13 1082 1104
17 1083 1100
8 1091 1100
8 1087 1095
10 1097 1117
9 1084 1098
8 1076 1089
10 1085 1095
15 1094 1118
6 1086 1102
7 1106 1115
6 1103 1115
14 1110 1125
15 1113 1138
8 1117 1133
4 1099 1113
9 1105 1119
14 1113 1129
9 1113 1130
6 1127 1142
13 1118 1137
6 1118 1131
3 1112 1117
8 1120 1130
9 1136 1153
6 1125 1139
18 1128 1153
11 1131 1147
15 1152 1176
25 1150 1178
14 1139 1159
19 1157 1182
14 1158 1174
9 1156 1172
22 1179 1205
27 1179 1216
17 1184 1211
14 1183 1202
10 1190 1206
2 1186 1191
10 1189 1205
13 1193 1215
14 1188 1212
10 1193 1210
11 1202 1214
24 1194 1221
11 1210 1223
5 1207 1213
8 1207 1216
28 1217 1252
6 1210 1219
8 1210 1224
3 1219 1222
29 1223 1252
6 1223 1230
20 1245 1274
19 1252 1276
8 1250 1261
28 1243 1272
7 1244 1261
8 1251 1269
8 1243 1256
15 1270 1286
11 1272 1289
10 1263 1278
7 1267 1280
8 1274 1285
11 1268 1287
12 1282 1294
9 1284 1294
15 1271 1291
7 1292 1303
10 1285 1302
10 1294 1312
10 1292 1310
10 1285 1304
3 1288 1291
10 1292 1312
6 1303 1310
14 1310 1330
5 1305 1315
8 1304 1317
15 1297 1321
3 1298 1309
13 1308 1321
13 1320 1342
11 1312 1325
14 1308 1330
7 1311 1318
15 1338 1354
9 1340 1357
28 1331 1369
