500
9 0 14
9 17 26
9 12 30
14 14 30
24 28 56
9 20 39
9 13 25
14 28 45
8 25 41
7 40 49
15 34 49
10 32 49
6 39 50
18 35 63
24 53 87
3 49 61
10 64 74
14 68 87
14 66 89
29 60 89
8 76 90
9 67 86
4 78 88
6 81 87
14 76 99
15 72 94
10 71 81
6 76 88
8 81 90
15 89 113
9 92 101
13 94 116
20 97 125
11 96 112
7 102 117
9 109 127
14 119 137
19 113 142
6 113 120
19 129 148
4 123 137
13 132 153
25 143 170
14 141 163
10 145 162
28 141 177
30 153 193
15 162 184
9 149 158
13 174 195
6 153 159
23 171 204
10 165 177
10 180 195
7 176 186
12 184 206
11 177 193
7 182 197
8 187 197
11 197 214
18 185 213
12 200 213
22 195 226
15 197 218
15 214 232
14 207 229
5 224 238
7 205 220
19 226 251
16 223 246
4 222 236
13 240 258
6 224 234
6 230 237
10 243 257
10 243 262
9 246 259
13 235 249
9 237 247
2 239 248
4 246 252
16 243 263
14 254 278
20 248 274
10 253 264
13 258 278
8 254 272
10 263 274
15 275 294
13 278 295
13 286 307
8 273 288
11 280 299
9 298 307
8 298 307
12 288 301
12 281 296
21 300 323
7 305 314
9 315 328
3 307 320
22 307 338
14 319 335
14 325 343
19 322 342
13 322 338
3 316 319
7 334 351
16 322 347
29 332 371
8 341 354
8 329 341
25 341 369
12 347 366
16 352 377
15 351 373
21 363 385
25 367 393
8 380 388
18 366 391
3 375 387
8 381 394
11 394 406
6 386 393
6 387 401
19 389 411
18 393 421
9 395 407
21 395 423
4 396 403
8 407 423
11 406 424
12 405 417
16 422 445
10 407 424
15 416 433
2 411 419
3 427 436
11 415 432
7 417 432
6 419 435
4 440 447
10 437 449
15 441 463
15 449 472
9 450 466
6 444 458
12 446 460
12 440 457
16 454 479
4 451 462
12 445 457
9 460 478
14 473 490
13 466 481
16 459 484
6 479 494
2 460 463
20 473 497
9 475 488
18 495 515
13 478 497
30 498 538
10 495 506
10 498 518
23 505 528
8 504 522
7 508 515
15 508 532
7 515 528
13 512 532
20 517 537
11 516 533
10 529 547
14 526 540
12 529 542
10 529 545
14 533 548
18 539 566
13 560 573
9 538 553
5 564 578
24 559 585
10 554 568
10 558 577
7 573 583
7 574 588
6 580 592
8 558 576
20 576 601
9 572 589
13 572 594
25 577 606
7 596 610
29 602 635
10 604 614
6 604 613
29 603 637
10 610 621
18 612 640
27 617 648
7 631 641
11 624 642
14 635 650
26 630 662
21 650 678
18 653 673
28 649 687
7 660 671
6 648 660
11 653 671
20 664 686
6 658 666
10 669 689
12 658 675
2 665 672
7 666 673
15 667 685
12 676 696
10 683 700
8 683 695
21 686 709
17 688 712
6 681 691
18 695 722
7 688 705
10 694 710
5 697 708
15 700 716
24 719 748
30 725 755
30 733 765
13 729 748
5 735 750
10 728 748
8 731 749
9 730 742
8 743 760
9 755 773
4 742 747
8 740 756
12 763 775
13 754 769
22 756 786
7 753 769
10 753 763
14 766 780
14 763 785
7 769 786
2 774 785
14 771 795
19 790 814
11 785 804
13 789 810
11 794 814
11 783 804
26 798 826
7 791 804
7 804 818
6 798 811
2 801 809
19 814 835
8 822 833
14 820 842
4 806 812
11 812 825
26 816 850
10 831 848
24 833 862
7 844 854
9 844 853
13 843 857
29 839 874
12 851 867
9 864 876
13 851 865
6 858 866
21 853 875
7 865 877
11 878 890
16 871 892
15 883 904
14 882 902
15 884 899
8 887 895
12 885 904
12 893 915
12 905 919
18 894 920
26 905 934
7 894 903
29 926 964
14 915 935
18 916 936
24 930 958
6 928 936
9 932 947
5 925 937
8 923 934
7 926 936
2 940 945
7 935 943
7 951 966
15 936 961
12 950 967
12 960 979
7 941 957
21 962 985
9 971 988
9 965 974
7 976 983
11 963 974
18 980 1004
15 974 992
5 986 992
18 988 1015
9 984 1003
30 1001 1037
12 989 1001
6 995 1006
16 998 1022
6 1012 1018
14 1011 1035
2 1011 1015
19 1003 1032
5 1008 1020
5 1002 1009
13 1026 1049
8 1018 1035
3 1007 1016
7 1015 1022
13 1010 1026
12 1027 1041
20 1019 1043
8 1025 1037
11 1041 1054
15 1034 1055
11 1051 1069
11 1045 1066
19 1041 1065
10 1063 1082
14 1042 1064
10 1068 1086
11 1059 1075
11 1075 1091
14 1067 1088
8 1060 1075
21 1081 1108
13 1074 1089
12 1071 1089
10 1078 1093
3 1076 1080
8 1075 1087
3 1082 1094
9 1095 1105
11 1078 1093
7 1083 1095
7 1106 1123
3 1090 1098
8 1096 1112
10 1101 1119
6 1111 1117
4 1109 1118
10 1098 1115
14 1119 1135
4 1106 1112
23 1112 1138
7 1112 1123
10 1121 1135
27 1135 1171
11 1123 1142
9 1128 1147
2 1124 1136
9 1132 1141
9 1147 1164
6 1145 1158
10 1147 1167
8 1143 1159
8 1141 1157
10 1149 1165
15 1152 1169
7 1151 1161
10 1154 1168
13 1149 1170
22 1154 1182
25 1157 1190
2 1169 1181
10 1173 1186
13 1176 1199
8 1178 1186
9 1172 1191
11 1183 1197
6 1177 1192
19 1178 1199
4 1199 1212
6 1187 1202
15 1195 1220
6 1198 1209
16 1195 1217
10 1191 1207
19 1212 1237
8 1205 1219
10 1215 1229
8 1216 1231
12 1208 1230
14 1217 1238
13 1227 1250
17 1231 1256
14 1244 1259
6 1222 1233
8 1244 1262
10 1240 1252
7 1236 1247
6 1251 1257
2 1251 1261
8 1232 1245
17 1248 1271
8 1261 1272
22 1256 1283
13 1262 1282
7 1255 1268
10 1271 1284
6 1256 1270
2 1263 1272
15 1268 1292
4 1267 1278
9 1266 1278
20 1268 1290
7 1271 1286
13 1276 1297
30 1279 1318
12 1284 1304
28 1289 1326
3 1300 1305
15 1303 1321
9 1314 1323
10 1308 1323
6 1309 1325
3 1310 1315
12 1316 1331
8 1328 1345
15 1321 1339
12 1332 1352
15 1326 1346
17 1329 1348
7 1345 1352
7 1342 1353
10 1347 1358
14 1349 1367
8 1329 1346
15 1337 1361
14 1349 1365
27 1357 1389
7 1353 1364
7 1361 1370
15 1357 1377
14 1379 1400
14 1370 1385
8 1371 1380
10 1366 1383
7 1373 1387
2 1381 1388
14 1385 1403
23 1374 1404
19 1386 1412
9 1393 1409
2 1406 1408
10 1402 1415
12 1409 1431
5 1398 1405
14 1404 1423
2 1414 1416
7 1398 1413
10 1420 1439
9 1423 1441
20 1426 1455
14 1418 1440
13 1425 1441
10 1424 1436
2 1418 1429
10 1424 1443
10 1424 1440
6 1420 1429
10 1437 1450
12 1434 1448
12 1437 1450
12 1436 1457
20 1450 1475
13 1458 1475
6 1464 1477
15 1451 1468
12 1459 1479
13 1465 1484
8 1456 1465
5 1456 1470
14 1478 1494
17 1477 1499
14 1469 1493
14 1493 1509
10 1491 1506
