100
41 187 593
64 231 1265
43 231 1394
74 558 1131
90 769 1144
57 277 768
78 558 717
97 332 520
70 231 406
70 769 1232
72 1 761
46 163 908
88 203 435
75 251 381
73 446 911
58 517 1631
44 163 770
61 114 558
81 52 627
46 277 1371
81 608 822
93 1 555
60 251 570
58 278 834
68 414 1071
56 114 1545
63 558 1157
43 679 1154
41 558 817
47 770 1311
43 329 1788
42 332 1427
73 517 1529
94 608 1266
54 770 1064
87 1 660
99 1 642
98 203 1624
73 352 499
77 377 1733
97 332 1005
84 446 1376
79 837 1341
76 837 1091
83 281 526
89 1 1133
93 251 520
96 352 892
95 281 1442
96 552 1471
54 558 1708
99 1 1448
74 1 118
69 187 432
76 187 1368
93 332 837
62 203 1299
77 1 1642
94 377 747
73 52 1086
50 403 1734
73 679 1146
47 163 464
52 153 324
88 679 866
62 425 634
57 114 1451
87 769 1262
66 52 1186
72 608 1713
94 679 837
99 769 1418
77 231 1407
82 52 860
81 770 1713
55 770 954
63 187 1387
84 212 956
64 446 1790
91 377 997
56 517 1404
59 281 503
49 608 1164
50 770 1755
71 425 1361
49 332 1592
96 153 567
93 163 972
80 446 1330
90 661 785
52 1 1188
54 187 527
79 425 817
71 329 408
91 277 1347
73 679 1541
71 231 1039
94 769 871
44 52 1225
64 837 1233
