150
109 381 1558
125 1721 2770
135 333 3218
128 1721 2239
101 514 3254
128 619 3598
63 768 2678
101 514 649
75 990 3247
87 1 1947
82 331 908
69 381 948
88 560 1839
143 1135 2900
99 1 2317
142 484 1620
126 1135 2797
113 1215 3725
138 1629 1905
93 1721 3160
84 1506 3256
140 1629 2643
140 684 2666
126 768 3739
134 249 954
119 684 3366
108 702 983
60 990 2817
71 1561 2202
133 1721 2545
119 1785 3969
119 1411 3295
139 1785 2048
143 1865 2821
105 333 1319
70 1135 3205
112 560 3563
125 381 3372
89 677 1176
103 768 3117
70 932 2622
86 932 3774
104 993 2912
112 1204 3945
98 1265 1545
102 932 1104
129 1363 1593
78 1721 3960
95 702 1972
95 1231 2000
147 1865 2975
77 702 3416
104 1865 3023
138 1 1298
60 1785 3224
74 1909 2956
128 1909 2384
113 177 1062
81 1228 1508
115 1718 1841
145 993 2626
138 1 2781
139 1 3194
132 484 2784
114 619 3973
98 993 3851
86 1561 1799
111 619 926
64 684 2892
93 514 3131
99 1265 1828
145 1506 2611
64 1265 2875
98 1629 2987
135 1 2830
120 1785 3831
73 684 1012
93 1909 3885
117 376 3765
79 877 1491
110 877 2836
67 684 2366
72 177 1728
148 560 2982
125 768 3849
68 990 3106
80 1 2645
132 1052 2802
110 1215 2884
73 1215 3702
79 868 2912
105 1215 1424
83 333 1643
88 932 2209
76 1231 2483
117 1265 1764
141 1411 3721
87 249 1859
99 249 1389
60 867 1400
114 990 2930
104 1128 1516
100 1135 1462
73 333 3024
112 1215 3066
135 1391 2003
116 1411 2327
96 702 1999
144 1052 3728
69 1265 1875
64 867 3636
129 910 3378
133 333 2401
108 702 1232
134 877 2605
131 1128 1782
64 867 2075
106 990 1778
111 1 776
114 177 1044
61 381 2311
79 1215 1612
135 1411 3484
88 1 755
89 993 1085
147 1247 2755
127 1506 3261
110 1506 3363
144 1561 2388
64 1506 2234
81 1561 2544
137 1052 1951
79 560 2435
143 381 2598
114 1247 1397
104 1609 2503
65 249 3356
144 1629 2792
63 877 3319
139 1363 2504
113 1629 2889
115 684 2442
136 381 1653
143 768 1183
80 993 3285
130 1629 3953
107 877 1412
73 1668 1780
130 619 3450
147 1668 3191
