200
186 1856 2894
169 1275 2730
94 2576 6710
135 3192 4837
186 3327 6849
163 1099 6328
189 3338 4080
101 3338 6202
90 457 2591
139 3360 5791
134 3360 3813
89 3375 4159
190 63 1255
80 3375 5198
107 1619 2749
133 1001 4793
124 3375 3687
97 16 4614
99 1451 4639
194 1856 2941
190 1099 2936
199 63 3097
152 63 6764
94 1275 4972
109 2878 4314
125 3375 5283
172 1619 3136
142 724 2895
178 1451 2718
184 1275 6677
103 2439 4097
130 3192 4811
189 3241 5160
147 3248 4358
133 1497 3773
185 1360 5640
169 63 2573
170 1764 3875
138 2878 5494
173 1856 4081
172 2457 2945
111 724 4094
178 656 6963
84 1844 3284
115 267 3620
194 1360 6572
185 1497 3554
125 1221 1879
153 1235 6490
188 457 3720
177 1844 5062
93 1856 6453
189 414 1914
146 2457 4039
94 16 2877
122 2803 6979
186 2803 3643
117 2878 3855
95 3055 3380
114 3055 6808
164 16 6322
189 16 6784
83 402 2057
93 3113 3970
161 932 4507
162 2357 2871
81 2878 4659
102 3113 5975
166 2457 6886
186 3192 6531
145 3248 3705
140 3241 6369
180 1844 3789
143 2212 3113
80 1764 5969
115 2966 5963
176 1305 4652
197 3280 4107
84 3280 6334
194 1497 2283
103 932 5727
85 1034 2588
86 1275 5076
131 3375 5234
127 3375 3569
194 267 4117
171 2271 5211
139 457 4084
148 63 1602
101 1 5018
120 1042 2150
130 16 824
142 1205 4721
137 1397 6417
158 2038 4828
140 2457 3533
158 2271 6770
82 63 5950
96 414 6201
162 1042 4056
146 1099 5047
95 1001 5703
116 1305 6566
177 1619 2011
144 457 2423
150 2038 2854
136 2658 3524
185 816 5762
97 457 6949
114 414 6770
87 1205 6254
149 1856 3232
87 2271 2623
107 219 1213
195 2576 3782
90 2670 4324
189 1764 3058
188 1844 2655
107 1497 3804
111 1764 3712
154 16 3000
196 2038 6684
150 2457 3904
83 1042 2655
121 932 2405
118 1257 2607
175 2670 5259
189 2670 4901
149 2803 3937
127 219 3242
187 2966 3509
84 1001 6440
82 1397 5565
187 1305 5836
146 2576 5669
134 2966 5066
104 1001 3215
100 1275 3662
184 1221 3473
167 2966 4955
89 3055 6105
125 3059 3297
129 3113 5509
121 3189 3980
159 457 5444
138 1099 6311
158 826 3290
182 724 2036
113 3192 5989
132 816 1495
148 1764 6571
175 3192 5750
193 3241 4679
186 3059 5506
195 1397 2833
156 1 6079
90 219 833
104 826 6361
177 1764 3902
101 2212 3062
183 267 6763
93 2576 6901
88 3055 5002
146 2038 4764
84 2658 3355
80 2803 3809
196 656 2879
164 1305 1936
199 2357 6588
194 2576 2945
127 2803 5131
174 1099 3403
126 267 6999
199 219 6031
159 1305 4990
109 1497 5771
107 2212 4901
153 3241 6609
93 2457 4767
143 2271 3873
136 3241 5479
172 3248 3862
138 826 1473
107 2670 3062
136 219 3219
136 219 6798
108 724 1590
162 1360 5487
110 1844 6901
193 724 2161
148 1001 5273
129 2803 2981
111 2576 3878
168 1619 3102
148 724 3666
104 2038 5418
99 826 5210
198 1205 5224
171 826 2585
94 1235 6141
