250
143 4852 6024
175 1660 3410
177 1349 5323
150 672 7447
214 73 437
116 73 7339
152 73 3358
223 170 4504
209 73 10716
130 672 5253
179 1869 4756
206 1984 8917
220 1984 9203
195 2791 9193
114 1550 9314
108 3013 5968
140 1660 2363
169 1394 4876
104 3082 8107
157 3082 3484
234 402 5401
245 1282 4468
103 3410 7478
169 2975 9951
165 1660 5363
140 952 6073
235 3410 4022
178 3410 5246
190 2218 4619
198 1104 9148
185 1869 10266
224 170 7696
202 3410 8142
128 3733 4457
162 3740 8362
185 1282 4383
218 3765 8143
135 3013 8470
174 2552 7605
243 2448 4444
150 374 6798
177 402 10033
192 672 4833
118 3216 10332
220 3552 10306
213 1117 7035
149 3825 7714
101 3825 10682
193 2218 7522
149 866 10716
207 1550 6893
113 3920 9115
200 2393 5896
222 1637 7224
130 1869 10102
139 1948 7018
229 3920 6613
156 2552 8296
132 3920 5487
133 672 4212
134 3925 8802
150 2448 7252
158 1660 3835
110 2791 4951
198 1671 6012
161 3013 7957
236 3082 8553
222 402 7602
104 2132 3217
230 3920 4500
249 4093 9338
169 73 3905
169 3348 7931
104 4093 8264
211 4093 9989
160 1671 9418
148 3733 9353
218 3765 7398
244 32 10032
226 170 528
176 402 4502
122 3552 3797
172 1209 10606
185 1351 10790
133 952 5069
236 3740 6859
221 4093 7357
155 170 5455
157 672 4817
155 402 9706
175 2552 7029
122 3825 10294
121 3920 7067
126 1984 5563
163 73 2611
150 4093 9989
164 32 7390
105 1394 8975
178 1394 7785
177 1671 9725
166 3410 9877
140 1104 5742
202 402 8817
159 3552 7954
247 3348 4770
143 4197 9782
165 4197 8947
185 2218 7849
101 952 6015
210 1209 8856
191 3348 8200
209 1948 9629
117 3733 7803
183 1869 3338
105 3216 4833
210 1637 9140
134 2393 10068
201 1948 8193
152 866 10251
244 3825 9575
114 3918 4468
182 170 5141
166 1869 8465
184 1 10663
106 3410 6389
240 1869 6125
244 3925 10436
179 4197 9479
160 4312 8901
164 4382 9074
170 4382 6830
167 3920 5429
245 2854 6592
188 4382 7198
125 4382 10283
221 2552 3821
200 4535 10309
225 4541 9557
147 3825 5222
187 3082 4557
105 3925 5737
228 4197 9453
119 4555 8787
113 2132 10064
140 3918 9149
243 4603 6340
120 1671 8437
134 4312 4494
240 4603 5271
226 4646 5540
137 1104 3612
100 402 3721
132 3013 7008
177 4197 10299
231 4646 9293
224 4646 8534
111 4852 8641
154 4852 7503
107 3925 7378
140 4197 6984
127 1671 5019
138 3082 7465
134 2552 9634
242 4852 8608
105 3825 5179
199 2854 4215
187 3918 5926
201 1282 5734
186 1660 9016
166 1972 9140
191 1117 7946
209 1394 5384
162 3348 9386
197 4646 6617
203 2218 10125
230 2854 3621
172 4852 9545
208 3216 5637
181 2393 6815
181 1209 1748
116 3348 3704
223 4852 8159
144 5030 5290
207 4093 4954
128 5030 5657
125 5030 6617
171 952 3901
227 3740 4158
163 5030 10438
155 5033 10251
221 4093 9078
189 5033 8367
179 5033 8000
206 1671 8558
197 1209 1583
116 3216 3819
170 866 1712
158 3552 10349
118 3733 5136
200 3925 8149
159 3925 6845
199 1117 4869
191 1550 4451
241 2132 7277
154 2393 10648
201 3013 4903
155 3348 8123
134 952 7449
235 1637 7484
105 1984 9525
107 2448 6688
105 2218 4857
181 2552 4588
157 1209 2191
186 3348 9558
130 3552 8741
143 3733 5669
112 2854 9594
204 1671 5009
118 3740 7404
221 3740 10226
137 2132 10339
119 3920 5862
130 4197 9194
228 4382 5318
197 1117 3104
211 4555 5514
127 4646 8228
247 1984 10774
201 1948 9970
110 3082 4969
249 866 7587
111 3733 10323
221 1104 5249
161 1984 4619
156 3740 7835
200 3925 9143
242 4646 10055
242 3733 6188
210 4852 5322
232 672 7966
181 3740 7698
213 5030 10050
233 672 10334
122 3410 3630
201 3925 4940
223 4382 9972
131 4382 8960
185 1282 6504
133 2448 5264
