300
267 5027 13692
236 1 640
215 4272 10019
157 5802 14768
155 5870 7647
200 7113 9574
175 2178 5913
181 7300 10275
168 1249 3570
190 2845 11815
205 1298 12235
212 5758 9252
184 5150 13257
171 3017 12443
138 3245 4621
239 5949 7020
145 6693 9505
229 2142 4647
182 5334 14843
219 1133 7011
130 1028 10352
159 3097 8950
265 1 4663
204 3945 15051
190 1111 8949
267 1028 9216
120 1133 11937
232 2346 7860
178 3017 5242
216 4272 9770
160 4484 8596
243 3017 12783
290 2142 13347
174 2388 7752
167 4414 15098
272 585 12955
250 1 13203
195 2102 8641
185 3017 13478
274 3835 6294
233 1 6913
215 4484 4972
204 3363 13346
187 4665 14480
121 5027 6130
229 1127 9494
194 4665 10688
257 4715 12556
156 5591 13668
244 2388 14155
260 2142 3084
123 5802 6243
274 5870 15159
234 4715 9856
221 5150 11586
153 5802 12117
141 5878 12889
185 5878 9116
234 2382 14607
190 5949 14531
286 1028 7340
235 5274 10310
198 5802 7976
270 2623 3414
124 1133 2633
125 845 6109
165 1127 6887
182 2932 6849
125 4715 7685
293 4866 12097
243 6192 7302
252 6211 14670
157 4665 8624
143 6239 11092
187 6496 12535
213 6544 13790
203 6544 8440
138 6693 7168
298 2346 3870
179 3097 14000
122 6693 9066
272 1 8673
122 585 7143
280 1249 10078
178 1 14188
260 2178 7857
180 448 10452
150 1963 6888
294 2388 8679
241 2388 8799
138 2845 13007
193 3363 5202
263 3945 10799
212 2872 8510
260 1 2003
169 1298 6573
206 2897 6856
225 845 12342
291 1298 2138
248 1 252
233 4272 8261
121 1968 10044
152 3097 12371
155 1 5450
204 1582 7925
247 1111 3614
205 1676 3626
232 2178 8309
250 2382 14866
231 1988 14600
242 2872 4397
194 3635 8330
297 2388 15201
211 4484 12661
199 4715 11983
151 1276 9606
231 2623 10517
129 1 3317
279 3436 10324
202 3363 6824
197 5591 11990
289 5591 8925
154 2142 10663
145 5758 8303
152 1133 7376
241 5758 6581
250 3021 7629
276 4272 4834
247 5027 14795
166 5591 14492
192 448 2869
229 2623 14886
227 4866 6376
170 1276 3492
187 5870 7122
124 845 5452
212 5878 14069
205 5334 6504
276 5878 13515
184 5949 10757
234 1298 13101
204 2845 12820
213 5334 15322
152 1582 12488
176 1968 11823
258 3363 14615
169 3363 11065
273 6239 14446
157 1582 7607
176 3097 12706
217 1111 6020
207 2623 4836
153 4484 9252
250 6211 10854
126 1827 5689
286 585 13638
171 1127 2287
140 6479 13019
175 2932 7963
138 6544 15094
143 2382 5316
168 585 2504
157 1 1415
157 1127 7627
264 2346 13460
127 3097 10725
224 2178 9370
122 3021 12758
174 5684 8225
245 6239 7570
206 3436 12247
250 6496 13534
263 6544 10396
154 6693 14856
158 1298 10135
193 1941 13482
178 6544 10411
182 4715 6756
210 5591 6849
296 6806 9015
193 1133 7665
213 2623 10265
269 3635 4351
253 1582 3762
211 4272 12252
158 916 3850
294 2121 12104
199 4866 5682
153 2845 8903
278 4866 13620
139 4866 6121
130 5150 13703
278 2897 12090
279 4715 11610
129 5274 6298
203 5334 9179
161 585 4499
134 1988 7582
251 3436 14059
183 1582 13345
218 916 1628
224 4484 10005
160 5949 6658
208 5870 9982
230 2388 4131
269 3017 8089
279 4433 8397
289 5802 13349
151 6544 9983
202 6810 10360
205 3635 4415
268 1968 14984
212 2388 3317
148 3635 14718
208 5150 12156
239 5334 11818
180 3245 8810
153 5878 8144
260 6810 11059
183 1827 5641
154 6810 14189
250 5949 7482
190 1676 12067
214 2178 3320
128 1100 8824
264 1111 9076
250 3945 5585
224 5758 9821
203 1298 10002
217 5931 6522
163 6810 8027
152 1 9825
260 3363 5227
141 1249 12296
271 3436 15381
278 4414 12192
299 4484 7221
283 2845 6181
181 1276 13111
280 5027 12722
250 1802 14895
200 6479 13908
262 3017 12118
131 2845 5482
211 585 1937
171 1127 5115
258 3945 13490
293 6239 8461
204 1968 4998
206 1276 6534
196 448 6434
130 1276 14419
125 5878 7554
122 6998 11264
216 2142 7445
122 1127 11825
131 845 14376
213 3945 14267
285 3945 5519
130 4484 5074
268 1676 11857
146 5150 11418
168 6239 6451
221 6998 9074
142 4866 11538
243 1 9029
157 6998 9775
246 845 2367
240 1941 11026
262 3245 6765
262 4433 5323
154 3835 6518
253 5027 6393
292 1111 15330
283 916 5498
274 2897 13323
187 1276 5023
143 3835 13848
183 5274 9402
260 5334 9340
166 1582 3342
231 845 4100
196 1133 14580
154 1111 2326
173 1827 9871
146 5949 14803
138 6810 14354
196 4272 12610
208 3945 7180
260 7113 13583
236 1988 14152
269 4715 6005
128 1298 12471
284 5684 11081
242 7113 10486
297 7113 7681
143 7113 9663
275 7113 7482
225 7113 8155
133 2845 3173
