350
229 6508 20738
279 6780 15147
347 9190 17714
222 2660 13129
346 1272 8670
228 1162 8350
140 4918 6705
231 5597 8037
275 2660 14943
275 899 6248
210 1435 8623
207 1662 13242
309 7134 12483
266 7134 21655
265 1345 5440
272 3092 6431
301 7737 9221
336 8668 10047
290 2987 6037
265 8668 13143
305 1272 2487
332 1662 17702
228 2326 19355
227 9894 15727
169 4942 14552
238 10277 11999
306 1162 16108
230 10277 11199
203 8894 19104
261 10569 18271
168 1435 18276
247 5215 21595
169 5236 8783
220 5903 10415
242 4309 17682
255 5236 16365
306 3739 18053
146 899 17706
192 1162 18378
318 1771 11898
231 4630 18718
264 8160 15135
338 1771 21107
343 2288 11222
306 10609 15239
340 4934 20883
306 716 2548
298 4746 5287
217 10609 12550
209 7134 20164
214 418 18187
282 899 20325
217 6017 16239
176 4942 10638
206 418 5245
343 1272 16355
215 6630 16997
290 2660 15091
255 7456 10103
239 4251 15808
321 5597 20540
339 6017 9903
328 8823 19000
147 8923 16869
220 3739 14602
330 9190 12430
322 9190 9940
314 10073 10939
286 7456 18928
198 716 21427
147 281 10188
204 1435 8105
198 4630 7847
166 4942 17598
320 7966 13344
260 5348 14110
208 7737 15437
165 26 8929
161 6157 11632
297 6780 14905
267 8668 10043
192 8733 14121
283 10117 19837
192 10117 20723
281 7020 15709
328 10117 14217
162 538 17735
247 2105 10160
226 2326 14937
266 1272 16564
177 3971 9175
224 2105 14875
159 5215 12103
307 5348 16985
292 4918 8747
222 5597 13064
286 1291 12453
266 2502 4911
173 1662 20334
188 2311 15842
253 5597 7424
305 6157 12771
330 899 3140
185 6497 7063
262 6780 7434
279 7134 8546
312 7456 11429
146 8297 13589
332 6157 16905
300 2105 7923
321 8408 18790
239 6508 8695
266 5903 11298
156 6906 13396
221 8408 15405
278 8668 16453
229 4746 21254
200 6630 11734
280 3739 19561
260 8701 11565
179 8408 10712
166 8733 9505
223 9178 18533
279 7430 12080
252 10104 15009
205 10277 11521
167 10277 18024
217 1662 10998
143 8408 21179
229 538 16915
292 2502 13316
176 762 17244
333 1771 4003
254 3971 8689
325 4309 9981
216 1435 16277
296 5215 16118
191 5215 15233
348 538 3513
246 3092 4089
285 5597 20474
204 10117 16032
305 4746 8132
336 7737 19419
243 7456 8379
162 8408 20734
343 1291 2460
281 4490 18689
279 2660 13017
280 281 8331
249 4976 6547
324 26 10593
157 8297 18963
235 8297 13705
147 10277 15759
260 4918 8878
325 4630 15298
227 10277 16819
280 8923 16360
232 5236 15129
340 5215 21030
261 6941 16782
328 7737 17682
288 9190 12952
306 2660 5740
336 26 9408
246 281 14735
210 1662 16555
166 2502 7886
245 3739 17504
178 4630 16685
201 7134 16315
189 8297 13443
225 4976 12415
162 4490 7244
298 5903 19874
205 6017 20988
236 6508 6769
257 8668 12661
178 2326 16388
338 3159 16155
305 9190 18080
328 222 21410
295 9190 10842
306 762 4748
209 2326 5174
209 1162 20247
219 3159 11874
140 716 12773
242 4746 15223
281 6941 19036
213 899 16920
152 6157 13109
330 7020 19003
298 7430 10590
307 899 5995
305 4942 19792
188 3971 10903
218 8160 11699
339 9710 16366
333 1435 4920
200 7456 10569
142 8923 10468
293 9894 12695
323 4942 12911
261 7966 16146
187 10117 17355
310 7966 11646
276 8578 17101
322 10117 18142
208 4746 20042
224 7737 10646
200 1435 13581
297 8408 10237
276 3608 19029
261 10569 20925
190 10576 14610
275 10609 18714
157 10609 11195
255 3739 18891
343 762 15642
338 1771 19246
310 3159 12319
285 4934 5673
286 409 18932
157 1662 6746
272 5597 7584
201 899 1636
176 3092 19609
158 7456 21837
243 5215 9268
165 7737 10560
337 6017 20618
307 418 16723
283 8160 11394
202 3971 17136
296 8923 16407
321 6497 9890
265 9829 21329
187 10609 20462
328 10609 20649
347 10773 15856
306 7134 19873
335 3971 13063
247 4918 9210
307 10277 18817
190 6630 15047
226 2502 17077
163 10773 21780
221 10773 20685
252 10773 14128
326 10773 21140
348 5236 6243
179 3971 9012
241 2281 21440
239 4630 15051
252 1291 6595
247 3971 8089
295 5903 17503
219 6017 11289
272 3159 6745
197 3739 9916
194 4309 13442
313 6017 10805
170 6497 7383
233 6941 13020
249 281 9347
334 4934 13575
272 3092 13788
261 6157 9543
282 7456 18538
328 3159 12323
207 7966 15931
282 222 3355
262 762 17432
347 2502 2922
187 1272 1821
290 2987 19259
180 281 1719
252 3092 10239
308 3159 12671
307 3608 15648
164 2502 11936
347 418 5373
222 3092 11802
288 8297 9777
199 8578 11374
194 6157 16933
268 4976 12021
213 5903 17597
261 1771 17638
205 1345 15085
271 1 19423
294 5597 7769
263 7430 18946
212 8408 14100
236 4918 14232
179 7125 16178
313 8578 13285
218 538 6380
187 8160 19249
302 7966 13027
288 3092 8739
277 3971 12603
241 4942 15496
327 4976 17588
318 5903 17338
275 6780 8120
206 8578 13810
297 8733 19471
248 8733 15295
270 8923 12580
338 8923 20838
303 9190 13756
337 9710 18652
149 8923 11918
282 3739 18722
198 2502 12766
252 10073 10933
181 3971 17045
194 1142 8750
187 5348 19681
184 762 16696
339 7430 16269
209 8701 16783
191 10028 21695
174 10104 12276
201 10117 21384
229 10569 12333
225 538 8492
216 538 4388
185 5348 10024
218 4976 12801
248 3971 18242
297 5528 18300
232 3159 13374
187 6780 10060
299 7134 9059
155 8160 14458
315 762 6098
196 2311 17063
311 1345 6926
296 6017 18231
211 8160 19252
187 9178 21485
191 4594 19029
167 9894 13551
171 1272 15972
183 6630 21050
273 10609 10992
