400
377 1169 14258
342 5874 19574
368 11184 19721
399 1927 25319
191 7106 25261
210 9334 18473
226 11184 13485
228 8034 25433
267 12677 19884
292 12677 25919
345 12952 27347
379 8142 14650
224 12242 23646
325 12952 19595
163 13206 22788
169 13539 22009
293 13539 14201
207 13539 20442
171 13808 20186
209 13808 21572
173 11620 13148
232 13808 25760
295 12677 20038
384 13808 20536
211 13808 24288
291 8270 11092
281 1169 15754
208 8034 19764
226 13970 21601
245 1331 5451
291 13970 25097
266 13970 26497
370 13970 21037
388 13970 14372
343 14236 21044
202 14236 17608
241 470 19234
378 7106 9202
337 7726 13123
306 2707 6798
302 9924 24236
291 3541 21599
256 3915 15930
363 4101 11826
341 6854 17580
171 10509 17517
198 10509 25901
235 13206 18501
272 9924 15536
288 8034 15413
192 13206 18011
394 1169 2663
295 4912 9442
350 13539 17286
222 1042 11828
227 3075 22634
397 3541 16555
328 4101 18904
386 2840 13961
204 4230 24828
254 5376 17146
325 7117 12847
189 10793 21973
166 10872 17664
336 10872 22737
212 5031 20915
255 9039 9769
367 11184 24113
234 6226 11610
242 12677 25602
253 208 15243
272 13206 16920
224 13723 26688
393 14247 22135
270 14247 15860
356 14247 14785
382 7240 11615
368 5376 12471
358 5183 16205
228 14247 21774
212 14247 14877
261 14247 19994
226 5376 20193
242 14486 26135
302 10872 20803
231 5376 12673
161 12415 24553
299 3075 9655
391 5973 19632
299 6721 18290
203 3527 21493
177 5574 22430
348 7404 15141
270 5574 23630
235 8352 20330
216 7726 11571
302 2840 4993
186 5031 12303
350 3399 22171
314 4230 9033
357 7106 10506
384 1 23113
316 1042 13675
282 5376 24761
180 8913 12042
380 8941 18456
278 8863 26850
348 9951 15911
184 10793 18909
188 5774 13170
219 5574 8749
317 5973 16105
248 946 18067
396 3075 26148
385 5031 18347
310 8270 23933
338 1331 8146
167 946 15932
342 1681 19329
358 6226 19589
273 6596 20479
342 5183 7173
348 6596 24381
386 5031 12733
361 5031 8535
357 7117 20206
212 5183 16285
224 9334 10175
302 4584 27304
303 4912 20441
194 6449 11195
221 7117 12745
193 9103 25286
342 10023 11658
323 10872 20567
283 11184 16076
330 11620 24004
343 5183 18647
393 12242 23963
347 4584 19580
288 343 16159
252 6226 8776
354 7117 27158
325 8652 11892
224 343 22084
290 2266 24830
285 1395 6780
248 1042 21215
172 2266 22906
206 1681 6625
366 4584 22187
164 5031 18126
206 5183 23359
346 3541 24242
393 5183 17614
349 5854 22973
167 8941 9294
230 10023 10401
362 10023 17832
222 3537 5404
335 7726 19042
213 10509 19024
348 8652 18148
329 10804 27238
291 8941 12326
330 12242 20190
360 1395 5192
185 12242 18819
374 12415 25882
197 12952 23533
174 3915 12722
357 7404 21221
311 308 8427
283 12415 22930
246 13175 23011
223 2519 7215
304 13206 21489
192 13213 17663
325 12415 25754
329 13223 23554
201 946 4557
262 11945 21970
204 8352 21155
382 7404 8214
208 3075 19816
303 3399 9630
391 5096 16373
164 7726 22849
348 208 12094
250 2266 3918
315 7213 22550
210 8142 25542
361 8652 11174
285 3537 21092
197 3859 24756
220 5574 14147
218 3075 23219
217 8270 27838
256 12677 22885
275 13213 22970
367 13223 23213
192 13410 25651
178 7106 7922
290 9103 14395
181 12415 22297
302 8352 20432
255 13749 14365
387 13808 15445
387 2386 10118
186 4912 23590
375 13223 17659
335 13808 17900
349 8270 27344
174 9505 22456
353 14236 15965
347 9103 20508
281 5574 25774
347 8034 15591
302 1331 24731
382 5973 16645
261 6596 14269
241 2386 4582
382 7726 9285
339 8270 27697
279 775 16895
355 11945 16153
330 12415 21833
222 1331 16980
177 6854 19206
287 9505 11511
338 10023 18270
378 10872 25782
300 7240 15281
253 12415 20885
329 12677 18768
203 10023 15738
186 6226 26752
240 470 14048
238 8352 24487
176 7106 22217
371 5031 21458
287 1 26744
276 7283 17075
193 7375 13349
238 8352 22840
295 8352 22240
252 5854 25576
302 6596 20663
198 5722 13280
201 5722 26234
249 208 23625
244 1927 7049
235 6854 26283
388 6854 26115
273 775 15838
170 435 7634
349 2801 4324
349 8863 21592
354 9505 12478
214 10872 21135
240 11571 17695
284 11945 13801
342 11945 25075
196 1042 18342
208 2801 11595
276 946 10527
190 2386 27012
208 5722 13963
215 6449 27132
382 1042 19590
382 1927 20337
186 5722 15190
317 470 10507
339 5774 26817
164 6226 7814
277 7213 14926
265 10023 17116
376 1395 15946
333 3541 7880
391 8010 19562
372 9039 25932
371 10509 19432
282 11184 18071
286 11184 16604
205 6449 11046
266 11620 24403
277 775 11128
182 12677 16593
166 13206 24243
242 13223 27470
202 13213 17857
161 13223 17135
284 10872 21136
163 8142 19290
328 5376 19342
377 8652 20645
169 9505 17010
218 7213 14192
210 3859 21315
285 2840 19427
360 183 27638
164 3541 11955
252 1331 27412
253 308 20483
293 1 9114
256 4230 18137
262 183 24967
354 4584 11904
315 4912 9178
191 2707 6577
274 5774 18239
348 5854 27532
386 1927 3393
252 6854 24592
283 6854 24613
299 1 8383
330 6226 16329
240 6721 25648
337 1891 26305
392 1681 4582
232 3915 9505
393 6449 7032
303 7213 14870
352 7213 21815
367 9505 26605
238 9505 22921
280 1927 18651
265 5874 27583
396 2519 8555
184 6596 15607
198 7117 8530
255 8010 16955
374 10023 24179
217 11184 20668
334 11620 27509
274 8863 17833
375 10509 18423
322 11620 17782
311 470 15021
221 1 7772
288 946 11964
174 2386 25766
329 5574 6251
161 4912 26952
317 7283 16774
309 7726 10362
328 11620 25096
243 1331 23285
203 3075 11067
392 2519 25148
328 3915 9013
178 3075 24627
275 1042 18483
233 946 25252
182 1395 11224
263 5722 12943
230 11945 27530
381 6854 21270
196 12242 25261
189 1395 17670
282 4230 14283
238 9039 21818
213 12242 13069
348 3915 24360
391 4584 14751
293 12952 13926
238 13213 25944
281 13223 24032
387 13410 15747
186 13410 26845
250 183 2617
263 3859 12325
377 4230 6682
369 4584 22809
253 5548 15013
167 5574 21901
255 5854 27264
316 7726 23811
230 1042 21233
185 7106 8388
288 8270 13337
371 9103 9792
279 4912 12664
244 3915 18216
314 183 23866
237 4912 13641
335 7404 27550
276 8142 12768
201 9103 24688
258 9334 18351
376 5376 24339
181 4101 23339
217 4230 9809
216 5183 14681
244 8652 24464
222 470 20490
311 5973 9338
260 9103 17724
352 9505 19690
330 7404 23038
