450
181 11286 20933
375 13945 29625
261 14652 23254
418 15059 28348
318 10800 24123
381 16234 23891
428 15851 30893
184 3934 31276
276 16234 28037
442 5221 32943
261 132 3733
436 615 1910
396 16234 18043
181 16306 33662
408 16234 33508
365 12755 13807
293 16306 23734
376 12946 23843
435 10828 29073
232 14472 15053
222 15851 24532
253 4394 27328
431 4973 24399
374 12712 32990
278 13945 20231
309 16306 26451
439 6163 16420
444 16306 24621
184 3383 20052
329 16306 32192
263 12097 21535
399 5734 17796
410 6484 29040
422 3934 11681
246 12229 16494
276 12366 15557
290 16604 31904
336 11320 15408
208 5221 20888
276 16890 31464
274 16890 28366
433 752 28438
439 1918 21455
248 5069 13821
279 5734 33554
361 132 9985
319 8604 15095
378 5109 27480
330 10017 24939
303 414 33249
370 13945 28154
221 414 32357
332 16890 33741
265 16890 32790
330 14652 22454
181 1565 16066
379 1640 24382
434 8096 14240
406 752 4849
331 2273 35365
306 12097 33938
196 15626 23024
364 16234 18114
357 1 24136
208 5734 34064
372 11584 27559
434 4394 20014
409 2353 12651
194 16604 34578
373 1540 8884
359 17083 33433
313 8808 20363
247 3932 28173
207 17415 34714
403 8604 29308
253 16234 30753
258 8271 32813
332 8271 31939
293 12712 29779
299 17415 26451
382 1640 3797
212 12946 27569
347 1695 7698
263 10209 25665
322 17415 22052
271 752 4877
370 7598 11909
407 9064 15596
326 13579 27235
230 1565 12308
269 2330 25300
397 2044 11439
216 12755 35187
334 7419 26598
326 10424 28923
209 16890 29647
244 17415 25056
447 17697 18384
384 17697 30242
295 1 22095
291 8604 20496
335 8604 24547
195 17697 24207
288 17697 31411
419 7598 26744
210 17697 34487
428 12366 26795
296 17697 28822
190 7177 14021
323 12946 18273
279 14120 22745
183 5734 17143
252 2353 18182
360 6375 16713
194 16306 32302
363 8604 34015
286 17083 35251
265 2849 23145
232 6375 20732
378 14652 33450
440 17697 35601
330 11286 25277
222 13506 33753
382 17791 28272
358 17791 30037
246 17791 21403
407 5069 8017
434 615 30099
252 2044 18112
440 1402 32734
284 5734 35354
355 1565 28046
422 12934 17648
280 6587 17966
278 1640 14245
389 8096 10794
314 10424 32307
234 9483 15137
259 1195 31443
217 9805 10861
249 13417 31708
272 13459 22657
392 1 17120
206 13790 22179
353 13790 35697
426 14318 21235
365 9483 34302
336 16306 17496
382 16604 26435
376 17791 29026
253 3096 9626
436 3096 4620
283 10424 19836
394 11584 17901
410 17866 32874
363 6781 13370
237 11286 29700
311 15851 26587
314 17866 21902
281 17866 25913
332 17866 32803
246 17866 31798
427 10828 34577
373 2353 10484
430 1640 12230
434 2849 7238
352 3095 15641
210 1 11793
378 4866 17546
400 6587 32729
222 15059 31186
399 132 26946
251 752 22822
309 10400 32608
264 1918 5454
379 3084 6013
407 12945 27604
316 2169 16673
376 3084 30088
284 3795 8723
415 10017 32672
288 14120 32109
231 15851 29042
421 1695 29519
227 3795 31282
421 12366 17315
352 1540 19658
351 2044 20134
277 3934 26149
331 752 34096
261 5221 8553
272 3795 34569
235 13506 27985
275 6587 28433
417 10400 16227
342 414 18913
428 7419 19793
409 8808 13126
267 1695 9799
365 11584 20457
272 13945 33570
325 3095 13122
421 13579 29516
365 14652 31823
307 10017 15696
317 4973 33592
288 9805 15074
242 6781 28263
210 5734 31163
339 1565 18571
336 11286 34353
395 2330 23727
401 10424 11660
182 7416 22295
400 5221 25487
434 11320 17125
271 414 14232
408 1 3976
361 1456 2964
271 7177 15537
385 9805 20877
360 11584 33900
324 12229 27701
408 615 2457
214 2825 26457
189 8096 30462
257 12229 26081
447 12620 23992
349 14318 26398
349 14472 33705
210 14652 31540
427 15280 35766
362 15626 31123
183 15851 21761
248 17083 26561
299 17415 33875
250 1195 11109
409 1 22569
332 6484 12844
289 132 25040
191 7598 15299
413 10424 23430
348 1195 19633
268 15280 18833
291 17791 29848
413 17791 34692
401 17791 24978
367 12946 30322
343 4866 27005
190 414 32957
286 11320 16400
283 15280 35851
319 16890 34398
413 17415 32725
427 17866 26757
257 12229 14597
373 6163 20800
281 2044 13627
258 9483 20827
221 13945 20958
240 18113 31986
438 3084 20442
180 5069 6447
190 16890 29646
227 366 8137
237 7177 25452
271 17083 35034
195 12366 27045
216 12229 13581
199 16604 29596
433 10424 30318
220 17083 26354
331 16604 21528
308 18113 25160
436 18113 34179
416 17083 35380
403 10209 15533
268 17083 23497
412 2353 16334
408 2353 22153
292 1565 6999
244 1640 16858
238 3932 11561
382 752 11462
293 7177 15039
250 3383 19306
404 8271 18026
419 9483 10228
320 12934 21375
247 12946 27722
338 13459 18744
207 6781 21162
414 8604 33367
410 1102 2369
193 1402 34075
275 1 27213
343 1892 34074
361 3934 20806
212 2353 25916
205 3934 33288
416 6163 31357
250 6484 29694
343 8096 32253
211 1 5319
435 3096 4524
428 5221 7218
282 132 4167
202 2169 23391
436 6273 7766
252 4866 5687
397 7598 34914
345 1540 8542
343 2330 15615
327 4394 6322
441 8271 30776
365 3383 6516
404 4866 31273
230 414 33294
196 8808 24881
346 8808 21758
255 8894 30847
308 4394 12652
333 9064 17929
346 9064 23039
253 366 19892
340 8096 16889
261 6587 9371
422 1695 15904
364 9805 35489
280 2849 15577
210 9805 20662
361 11584 28837
342 1640 9192
327 6781 11678
346 12229 27402
248 5109 23197
225 12366 27918
307 12934 17085
297 1565 12463
250 3084 13147
383 6484 32001
426 10828 18122
353 12229 20829
439 13579 16812
194 3383 33961
287 13579 21996
306 13790 18722
356 13790 24866
397 6163 18641
411 8534 15509
308 1195 8128
204 1640 34332
353 3934 21675
318 3096 9244
241 13790 22726
423 12366 23035
341 14120 25724
380 9483 19547
307 15059 26598
326 15059 31171
317 14057 30447
322 752 22882
398 1102 25004
248 2330 15907
221 1102 21582
292 6273 8596
189 6781 31553
310 8808 26806
439 4394 5313
348 9805 23388
326 1540 14919
291 11320 13267
295 6781 16480
369 2044 10671
445 5069 32088
426 12366 35281
415 2353 35031
278 12165 29257
225 12755 14601
381 1695 6384
386 12946 23623
243 1 31046
302 14057 28093
247 14099 31286
201 3096 16817
420 1695 5851
397 15059 30186
245 3934 10039
446 15280 33815
376 15626 18647
340 10828 23954
356 9064 31123
218 615 17045
289 2169 16042
210 8604 31123
444 7939 14225
244 8808 35676
272 5221 35799
239 8854 24931
423 8894 13273
328 8096 8502
328 9483 19556
193 615 14835
432 3383 12908
363 1918 7487
442 7598 17068
199 2273 5096
286 9064 27224
233 9805 10872
376 11584 14703
202 12165 25400
392 13945 35037
287 14472 26895
336 13579 34116
299 15059 33255
383 1892 9453
371 8534 14689
311 2330 34807
259 3084 22760
388 14120 35551
443 5734 8299
216 14652 21589
282 11584 24011
392 7598 8258
260 11320 27297
354 366 17718
216 9483 12463
329 6484 11641
278 14057 26541
270 15059 16746
322 3383 5935
286 1565 21548
205 13945 31288
313 10400 25395
316 14652 24819
323 15851 28811
349 3095 5438
252 5221 17687
415 6484 27549
417 15851 34616
285 4973 20870
197 8534 35166
257 2849 28217
394 7939 29823
427 8894 13529
189 2169 33534
321 10209 17471
397 10828 30899
195 4394 16269
229 3096 19126
