50
44 103 387
21 1 229
32 103 191
35 127 166
24 127 340
33 127 250
23 6 258
22 162 300
22 162 307
32 172 380
46 35 408
49 61 134
31 172 408
34 175 350
28 175 319
39 35 264
24 53 168
35 1 295
45 6 59
46 61 262
32 61 123
41 85 325
32 85 152
33 63 414
31 103 377
25 6 421
45 85 339
26 1 130
27 35 301
33 47 404
21 75 190
24 6 86
27 127 210
48 127 234
27 172 271
36 44 312
30 175 404
25 75 303
28 189 292
37 35 259
47 1 81
47 1 346
48 1 88
49 61 184
48 63 233
34 61 266
34 1 300
29 6 355
29 56 156
39 1 404
