500
492 3751 5172
255 2225 16021
263 7143 29125
309 13724 14438
289 11464 37364
245 15432 28643
253 1655 12044
259 9619 14429
426 10888 34578
255 15887 17232
318 16971 24680
491 17720 25244
344 19080 33296
329 19080 41773
475 21089 39730
413 13283 15505
252 21410 24701
266 14794 33465
282 6056 33771
397 1537 13512
457 5015 29382
472 5608 25702
449 12430 42798
322 13577 27989
269 3616 7520
282 15150 18433
222 1655 39753
314 3415 7421
425 1124 23633
489 3497 6801
472 7514 24990
301 2923 15688
223 10594 35364
409 12933 17580
461 11464 32821
218 2912 7528
408 9619 26286
284 12355 20919
496 2225 42225
273 13724 26344
202 11039 12205
482 9845 26807
272 15150 39928
321 16724 36351
275 17720 25992
212 7514 18383
477 10594 22424
212 17850 43711
369 8495 23620
287 18225 40267
408 1875 27683
234 18382 43408
237 19095 23334
364 12430 40233
240 16965 34554
321 13724 20121
227 10752 20474
348 14794 20957
277 8137 42247
278 20880 23859
417 9070 19636
302 1875 29212
245 21233 23185
414 21661 42267
378 21701 32350
256 2912 16779
332 21701 23062
478 19754 38968
299 4520 17950
374 22281 39493
320 22281 26750
473 22281 29410
311 22281 29724
363 21701 29013
347 7514 23954
353 5608 7406
463 14794 22487
262 15887 28512
426 22281 26069
303 3308 11784
488 22665 35583
346 1 24684
380 8762 28373
392 11337 16740
331 13283 35861
463 18382 27428
423 13577 22108
480 18382 39032
276 4166 15137
359 16724 24365
464 9070 32314
240 14794 23003
417 14627 35768
356 8348 15265
391 18382 39653
333 6623 15945
217 9070 39987
484 19166 28168
374 643 15232
446 16964 26820
239 643 28425
240 19172 35640
339 11464 16320
276 15432 38578
481 8348 28664
396 3182 5822
494 9619 35111
495 10821 16090
245 15450 36890
291 19026 21917
404 4520 16861
304 19343 21541
271 20880 21591
374 20880 21271
218 3415 42023
295 8137 36313
430 20895 29928
465 14297 24028
302 21233 36528
487 4520 22622
261 11900 13401
457 21410 25677
316 11900 43230
459 22686 40023
351 22686 35393
206 22686 39802
457 4975 24643
369 15150 30214
282 16387 28678
401 22686 38660
499 8601 30159
449 11087 23092
352 19593 43132
493 20194 41469
291 19095 41216
341 23037 27227
302 23037 23865
312 14110 28013
340 4166 35152
427 8096 18106
471 12430 38268
241 1046 19684
452 9619 26455
262 23039 30913
324 2225 17428
300 12355 19243
202 11087 30645
210 3515 19485
263 1655 19310
252 9070 32245
496 4520 15215
312 17078 22247
479 23039 26360
377 15450 18986
243 23039 24560
261 2912 36472
222 16509 37208
303 23039 29363
424 23039 28691
219 3497 11342
485 7143 13929
340 12933 19702
359 16139 40301
293 23039 31137
485 23039 39680
347 1648 40584
200 7783 22314
358 10888 43290
238 13724 28469
297 16139 20166
461 16897 35114
304 6056 31640
290 7143 9892
388 3515 29954
206 9619 14137
225 19340 22752
410 11601 25394
445 1 35272
455 3182 37594
279 14110 14697
484 13724 40872
386 14297 43701
273 7143 38493
395 16724 25808
491 19343 37763
372 20703 36722
220 20880 29518
206 21445 34840
355 11900 27601
482 10888 26406
411 21701 36132
225 11039 11543
375 8601 11032
287 22281 26073
209 5309 6917
264 10594 28819
203 20194 28427
216 18382 24525
301 14794 37089
270 23037 25556
387 23124 29972
208 6056 8974
291 23159 38179
360 21233 35502
473 11087 33970
385 23159 31560
375 2912 39765
440 14144 18796
438 3415 22421
479 10888 31335
419 19095 42071
236 16509 18099
378 14627 17921
430 17850 23971
204 16971 21411
245 3751 18035
322 1046 3718
376 1124 40027
246 5004 32846
483 11039 32670
404 8762 10182
235 11464 22496
350 4444 10643
257 1046 2137
311 7941 21212
280 15887 22794
485 17850 42611
258 20194 36966
437 20880 22685
295 21410 21756
354 1330 37828
399 2912 22314
419 7143 19074
460 14144 40903
413 11337 19028
459 839 15335
223 3751 12113
204 20895 25740
424 5309 8744
451 15887 30442
466 18225 38796
409 1 8831
364 643 28658
471 1537 10716
432 2686 9540
403 15450 27812
359 5608 14224
294 21089 41953
390 1330 16916
264 6595 39589
452 2225 5599
466 8137 31224
322 8537 31430
267 17395 39426
202 19172 39052
272 1046 22716
243 21445 38127
358 20703 30263
322 13283 17783
444 839 38078
327 1 17259
305 5309 30911
400 11039 36430
492 17078 29525
336 15887 37402
226 19095 33034
263 6623 43358
440 21445 28379
228 8762 25318
380 20703 27214
497 1 17861
220 9845 17362
217 3497 33009
421 6056 31286
468 5004 39480
353 7427 24409
358 12430 23921
233 19172 21083
310 11464 19382
309 4520 17477
376 19754 33064
246 10320 13571
384 11087 32355
227 11464 16842
451 5004 17620
309 14144 41549
395 15450 31466
351 16139 36125
487 17720 30321
326 2225 32671
345 3751 41989
296 3681 36663
395 1124 4067
200 5608 9906
356 7941 18603
353 17078 42008
420 19095 23842
483 21445 23058
453 8762 10560
360 21701 39671
407 8096 15362
225 21701 25028
336 5004 35303
376 11337 24077
252 1655 16934
493 17720 21423
456 6949 36659
209 2923 35127
394 13283 15170
384 14297 31345
424 12355 42096
275 5608 9408
288 10594 24996
438 1046 39253
250 3308 37548
321 10327 21578
301 9070 17991
468 10752 38845
407 13577 34077
395 16724 38930
332 17395 26567
307 11087 24077
373 14110 37546
424 17850 29151
281 10594 32641
422 795 10051
228 1 11823
278 16447 24159
426 16509 37514
304 18338 28366
448 6623 25712
343 16509 29952
475 13577 14310
244 11601 22241
279 17056 25835
478 4520 34260
386 19026 34651
369 643 36469
256 19172 27648
268 2686 12376
228 3182 25997
456 10888 21866
324 11900 16189
210 2923 36808
456 1 36138
308 2923 30307
396 12933 21769
247 13577 27552
482 14297 31352
396 11900 31888
457 3751 25442
465 5004 40709
489 4166 25879
318 16139 23208
298 643 1528
227 3182 22999
405 13724 42037
494 2686 26731
297 1330 40489
341 1875 26399
474 6056 6829
219 2912 18848
211 5004 43574
240 5608 38084
207 11601 31718
497 17078 27219
441 17395 24706
212 19172 32299
253 19343 22704
474 13283 31531
328 16139 30720
351 9845 20529
476 18382 30143
333 19343 34933
405 9845 23385
337 19754 40060
466 14794 30564
215 5608 40402
444 19754 38779
434 20194 33510
425 8601 19069
219 9070 20995
498 20194 35924
463 9845 20532
303 8096 34629
223 10888 39269
214 19343 32562
484 8762 10954
401 20895 34868
238 20895 32597
284 7427 18031
335 21410 38187
242 15887 34521
476 6949 30185
373 1655 31612
291 1537 2036
313 14297 23810
301 21410 29463
483 10752 36228
394 21445 28894
274 21445 30911
245 5101 40308
436 15150 37953
207 19095 36033
480 10752 39705
499 17850 25793
432 15450 23569
400 2923 20512
397 21661 26140
249 6623 33547
224 14144 29675
485 3515 14828
488 14297 42272
358 16509 41271
245 18225 23869
479 21701 29097
390 5101 34708
290 6056 36661
459 1537 9504
426 7427 18735
466 7783 30337
391 3751 7777
324 3515 36250
257 8537 10251
274 8137 34358
309 8601 34541
226 2686 15704
300 2686 26843
248 8762 19225
381 10320 33965
473 10327 34437
398 11087 21115
224 14297 19864
231 10752 40479
333 9845 15687
357 16139 33484
469 5004 37719
392 4166 38690
436 16697 37210
466 11582 36179
444 10327 11695
422 15447 19824
384 839 7783
316 16724 36033
480 9845 14299
323 3308 34138
376 1537 12999
463 16724 22710
276 11087 31879
457 7143 21861
253 16971 24504
284 3308 34824
398 4117 31302
240 8762 10702
357 19593 23617
321 9619 24852
352 6056 27418
278 11464 15719
271 2912 35729
412 16447 38485
477 16724 27925
225 4166 8923
309 10327 22383
285 17720 19330
374 1046 11783
250 18338 35322
396 5101 28450
496 3497 36561
275 8137 33913
499 19343 32859
478 19754 42669
264 19754 29975
297 20194 41111
272 19172 43293
442 7143 36264
302 16429 27252
366 19172 41003
265 5309 26024
468 14144 21211
359 17395 28269
232 1 8482
323 18382 23324
321 20703 27394
319 20703 33681
224 10888 23356
351 11601 15540
330 9070 14731
378 12933 27994
394 8601 18978
405 1875 9411
215 4144 6537
401 8137 31365
244 7427 38726
387 6623 18078
492 12430 36270
200 13577 40538
304 13577 36387
466 7514 8178
464 11900 23902
336 3497 29458
