100
50 0 73
44 1 63
23 0 29
36 0 54
9 0 55
7 0 38
32 52 111
63 50 145
78 55 160
60 57 151
58 47 132
69 52 161
10 102 153
28 106 135
68 105 206
93 103 283
92 99 305
85 101 215
53 158 243
74 156 255
70 154 250
95 156 260
93 157 367
81 161 294
14 205 271
53 205 271
89 208 346
66 206 374
86 210 469
79 203 352
17 264 461
66 259 469
11 259 332
79 258 393
3 258 340
33 262 519
31 312 518
15 308 413
96 310 541
40 314 436
13 307 610
5 314 394
58 367 468
78 362 527
93 366 508
32 361 682
31 360 703
23 362 404
76 420 496
63 414 525
83 414 588
57 419 629
52 412 667
51 415 564
69 469 629
82 467 822
50 471 589
52 466 724
72 468 723
46 469 726
84 516 680
89 515 980
32 520 721
73 517 1007
51 518 823
34 517 607
3 567 718
52 572 666
59 576 1067
41 568 760
87 574 964
92 570 925
39 624 966
54 619 865
15 622 682
72 627 796
58 625 858
49 629 1089
85 674 869
35 673 1277
85 671 1223
66 671 993
49 671 1001
26 681 1358
64 728 982
11 732 1223
12 732 989
75 730 1272
18 732 802
18 726 831
65 780 885
54 776 960
7 785 815
84 782 902
17 778 1509
86 776 897
13 831 1469
35 837 998
87 829 970
54 830 996
