150
25 0 56
35 0 59
149 4 217
35 4 103
132 3 170
147 3 195
40 72 166
47 73 199
124 77 271
2 72 139
142 74 220
148 73 293
97 149 317
79 155 265
52 149 237
75 152 411
123 149 354
59 155 376
113 224 395
52 229 374
100 230 365
117 223 411
129 220 414
51 224 341
39 303 398
102 304 476
66 300 389
84 297 439
49 305 387
149 298 485
54 375 667
21 377 425
127 374 750
59 370 594
119 371 596
104 377 500
73 454 564
7 454 504
15 452 552
111 455 605
149 450 715
61 449 804
130 526 746
136 523 944
36 520 671
7 522 748
92 525 672
136 530 958
59 600 1124
148 597 806
55 600 815
12 599 837
66 596 748
82 603 878
28 671 1319
13 670 1003
135 673 1493
85 677 1010
90 670 764
57 674 731
4 752 840
78 750 881
141 746 1251
79 748 1092
37 747 907
62 752 877
143 827 1077
137 821 1463
133 824 1592
73 822 954
128 827 1035
80 824 1202
30 905 1249
77 895 1722
72 904 1272
104 896 1049
64 899 1236
80 896 1062
17 979 1029
41 978 1184
68 980 1108
76 975 1248
26 972 1192
45 979 1514
80 1055 1656
98 1052 1352
100 1055 1399
8 1055 1624
123 1047 1384
72 1051 1189
93 1128 1320
3 1122 1255
36 1124 1223
2 1124 1637
90 1121 1267
125 1124 1251
35 1201 1400
36 1205 1419
108 1204 1672
43 1201 1439
43 1203 1425
93 1204 1938
41 1277 1355
39 1275 2006
11 1275 1413
110 1271 1664
30 1276 1619
122 1271 1431
140 1352 1981
47 1350 1786
120 1349 1824
115 1354 1877
75 1346 1788
42 1353 1874
66 1430 1936
5 1429 2213
42 1424 1718
20 1427 1560
115 1429 1570
122 1420 1645
1 1504 1818
75 1505 2656
9 1500 2363
18 1500 1842
19 1497 2226
100 1495 2309
71 1576 1933
109 1576 1890
131 1570 1852
150 1576 1953
66 1579 1979
25 1572 2185
150 1649 2048
40 1649 2323
61 1654 1987
31 1650 2641
103 1645 3012
62 1649 1776
56 1725 2122
27 1730 2590
118 1721 1865
131 1723 1916
23 1725 1835
108 1728 1998
76 1795 2403
144 1802 2012
83 1803 2229
104 1802 2172
94 1804 2582
119 1804 2742
