200
86 4 113
79 0 165
139 4 196
38 0 69
163 0 233
185 0 225
20 102 219
89 96 197
150 100 340
58 99 175
168 101 272
60 98 255
19 201 287
197 197 497
173 199 398
193 197 587
116 193 379
38 193 261
5 296 364
66 300 576
180 300 746
9 299 416
41 294 623
34 296 496
80 399 587
191 392 644
81 395 672
142 398 609
200 393 673
107 392 704
181 492 906
176 491 714
168 490 856
38 490 546
146 496 794
53 499 630
89 599 768
114 589 790
192 596 883
2 590 727
68 592 717
84 592 1016
99 698 1135
106 697 1342
166 691 1143
141 694 1023
39 694 885
175 695 888
54 796 967
31 796 878
164 792 1128
9 791 1158
190 787 1609
185 787 1050
131 890 1443
197 894 1263
143 887 1190
118 895 1844
99 896 1390
82 894 1369
100 985 1512
1 985 1153
137 985 1265
29 994 1688
26 987 1431
166 987 1165
52 1089 2171
167 1086 1400
154 1084 1312
60 1087 1768
61 1084 1851
79 1094 1176
5 1186 1351
36 1191 1273
46 1185 1391
25 1190 1372
166 1189 2497
62 1183 1482
68 1282 1434
173 1287 2395
57 1290 1459
171 1288 2316
6 1292 1887
144 1282 1905
18 1390 1645
137 1387 1844
23 1386 2099
58 1389 1761
128 1389 1546
141 1383 1928
118 1488 1831
35 1481 1791
53 1480 2062
178 1486 2192
145 1485 2223
1 1484 1494
133 1585 1864
6 1584 2317
127 1579 2365
19 1580 1834
200 1587 3415
90 1581 1732
91 1681 3063
66 1679 2115
24 1686 1769
193 1678 2933
58 1684 1966
175 1687 2067
122 1777 2124
178 1784 2454
70 1780 2084
120 1787 2136
36 1779 2346
9 1777 2200
180 1882 2511
191 1884 2348
38 1881 2180
70 1877 2110
174 1878 2292
142 1886 2113
90 1976 2066
48 1983 2412
52 1982 2143
152 1978 2273
118 1979 2331
130 1977 2762
168 2079 2336
156 2077 2347
75 2081 2888
53 2083 2976
191 2084 3522
110 2077 2509
102 2173 4346
168 2175 2913
183 2178 2581
108 2182 2574
76 2175 3270
145 2173 3927
48 2276 2457
127 2274 4060
60 2277 2796
96 2276 2431
162 2272 3250
84 2282 2614
156 2374 3107
48 2375 4502
28 2371 2492
192 2376 2747
105 2376 2525
71 2373 3125
12 2479 3036
36 2478 3636
136 2478 3137
172 2477 2740
80 2474 3421
58 2471 3464
14 2573 3927
199 2575 2995
16 2570 2660
146 2578 2909
116 2579 3285
135 2579 4074
193 2674 3632
109 2673 2966
11 2672 4029
41 2671 3234
138 2678 3751
86 2674 4552
88 2774 2928
5 2777 3123
63 2769 3996
119 2768 2894
68 2768 2964
110 2774 3176
130 2867 3270
119 2869 3119
115 2868 3063
170 2876 3420
80 2869 4457
113 2876 3506
113 2969 3767
47 2966 4338
25 2966 3095
33 2974 4843
163 2973 3801
58 2975 4939
188 3072 3337
122 3073 5007
99 3068 5553
140 3070 3425
184 3064 3341
98 3071 4048
2 3168 3590
76 3169 5706
12 3173 3295
28 3171 5079
75 3165 3334
95 3167 3304
8 3269 4238
20 3264 3838
