250
160 5 270
203 0 225
216 0 300
156 2 186
224 4 307
6 2 101
148 125 472
85 117 275
97 120 237
159 115 459
215 119 475
189 125 447
162 235 457
13 237 348
87 244 472
16 242 367
249 241 632
21 237 278
128 358 531
37 365 743
181 356 672
134 356 587
115 356 703
207 363 863
223 476 788
84 479 773
190 485 799
129 484 651
182 483 796
134 484 875
205 604 837
206 601 1039
62 603 887
147 600 797
240 596 1048
154 601 957
49 717 823
28 718 801
95 721 923
105 721 1038
85 725 1278
173 722 1187
7 837 1284
47 841 1004
168 835 1108
2 840 938
202 840 1208
140 842 1779
72 959 1465
222 957 1298
60 955 1158
196 957 1218
182 962 1212
37 955 1059
250 1081 1366
75 1080 2016
215 1083 2365
67 1077 1892
166 1076 1862
28 1083 1309
133 1202 1380
53 1202 2031
9 1198 1339
150 1199 1973
18 1196 1413
173 1195 1819
31 1322 1565
213 1322 1655
158 1324 1552
179 1322 1615
216 1320 1976
244 1320 1605
112 1439 1639
37 1440 1564
111 1439 2066
207 1439 1756
208 1445 2710
248 1436 1937
134 1555 1713
39 1561 1890
121 1561 2160
111 1559 1942
96 1565 1999
173 1563 2183
213 1679 2798
126 1678 2151
133 1675 2592
223 1681 2353
103 1682 2251
3 1680 1938
129 1797 2170
50 1800 1930
210 1796 2118
34 1796 2017
75 1799 2720
173 1795 2782
64 1919 2360
3 1920 2054
206 1922 3648
46 1917 2405
101 1917 2366
68 1918 3283
113 2037 2697
151 2042 3936
151 2045 2301
44 2042 3438
138 2037 2296
244 2039 2384
244 2164 2713
3 2159 4018
13 2165 2986
29 2162 2911
20 2159 2468
187 2161 2914
66 2283 2774
190 2277 3069
9 2282 2433
155 2282 3326
160 2275 2943
39 2282 2534
81 2401 2564
125 2400 2701
230 2405 3104
180 2403 3122
166 2396 2828
139 2405 3488
27 2518 4755
232 2525 2909
94 2519 2998
62 2520 3704
8 2525 4633
26 2519 3403
236 2638 4702
59 2637 3402
61 2643 2829
236 2639 3334
10 2635 4630
120 2635 4629
170 2758 3867
154 2755 3075
80 2761 3392
54 2765 2936
18 2764 2862
244 2759 3468
83 2883 5317
147 2876 3308
38 2885 3379
23 2883 4547
99 2885 3053
215 2880 4117
215 2999 4303
9 2998 3310
171 3001 3306
74 3004 4204
1 3004 3337
13 3003 3453
30 3121 3363
67 3125 4490
191 3120 3477
117 3116 4036
192 3125 4590
49 3121 4257
160 3242 4127
102 3235 4070
133 3238 3464
99 3238 3671
150 3236 4367
231 3243 3926
151 3357 5550
175 3364 4023
50 3358 5207
102 3361 4473
23 3357 5274
2 3364 5141
3 3475 3898
80 3485 6516
50 3484 3616
71 3479 3640
71 3482 4918
96 3479 4618
141 3596 3851
218 3601 5473
214 3597 3885
179 3595 6954
165 3599 4001
142 3597 4354
162 3723 5328
208 3716 4447
22 3724 4976
217 3716 4935
84 3715 6055
34 3718 5462
123 3844 6140
95 3841 4396
90 3842 5650
154 3843 5857
53 3845 3985
63 3844 6730
48 3955 5079
26 3956 4499
202 3962 5532
173 3965 4347
159 3955 6856
241 3958 4298
78 4077 5898
43 4080 5681
232 4082 5671
72 4075 4714
213 4081 4577
45 4077 4490
41 4202 4862
202 4195 4974
42 4197 4447
245 4197 5742
80 4197 5830
23 4205 4811
180 4315 5852
22 4315 4415
50 4322 4444
67 4321 4503
17 4321 4355
100 4324 5122
202 4440 7994
160 4441 5011
221 4443 5073
201 4444 5235
217 4440 5666
51 4442 5087
108 4562 4728
242 4563 5135
58 4557 6476
54 4560 4641
180 4565 5943
179 4557 4828
122 4679 4970
76 4679 8037
1 4676 5238
193 4680 5187
8 4684 7617
64 4683 6798
165 4795 5654
206 4799 5471
213 4797 6275
243 4800 5816
191 4804 5080
89 4795 5185
56 4920 5385
154 4918 5503
190 4918 5108
53 4918 6351
