300
180 0 236
238 3 245
66 4 134
140 2 274
148 3 249
185 0 280
239 146 515
186 146 563
231 144 475
123 149 389
4 149 215
130 147 511
107 297 460
31 297 443
218 287 623
194 296 859
41 292 607
74 290 504
271 442 862
228 442 1016
299 436 895
80 437 620
253 441 716
7 439 618
70 580 761
90 583 723
41 583 1239
221 583 1001
188 587 1093
270 580 963
121 733 915
235 728 1122
137 735 1283
230 729 1083
91 727 1364
27 733 1349
34 872 1068
111 873 1477
98 873 1149
254 876 1701
32 877 1474
201 873 1751
208 1022 1912
86 1022 1222
86 1021 1819
173 1017 1830
160 1025 1276
223 1018 1464
38 1172 2034
193 1171 2016
133 1171 1668
253 1163 1733
255 1172 1910
258 1170 2143
100 1311 1548
263 1311 1794
104 1313 1586
281 1315 1882
8 1319 1774
43 1318 1427
251 1461 1765
138 1464 2094
45 1461 1741
77 1458 1747
266 1462 2063
161 1464 1728
112 1603 2465
140 1607 2199
153 1610 2268
63 1603 1784
275 1610 2103
216 1604 3184
21 1748 1794
30 1748 2776
7 1754 2131
279 1754 2275
86 1753 2093
146 1754 2066
14 1893 2487
148 1895 2149
176 1896 2890
116 1901 2289
146 1895 3098
141 1899 2937
258 2042 2496
205 2040 2452
269 2044 3140
201 2040 3094
26 2042 2286
69 2044 2407
189 2193 2669
116 2189 2387
74 2186 2798
5 2191 3330
236 2194 2541
79 2192 3231
177 2336 3137
263 2339 2999
142 2334 4516
277 2341 3261
138 2340 4389
95 2341 2496
140 2487 3096
34 2479 3752
136 2483 2990
204 2486 2798
2 2484 2788
156 2482 2775
94 2625 2775
56 2631 3053
153 2626 3220
172 2633 2835
88 2630 2835
199 2625 4753
216 2776 4504
120 2771 3678
242 2770 3624
104 2770 3002
105 2769 3030
196 2770 4150
2 2918 4148
10 2915 4802
132 2921 5549
14 2916 3510
123 2915 3553
141 2917 4736
81 3067 3425
81 3062 5494
78 3069 4261
116 3065 4886
246 3063 3476
25 3068 3404
72 3216 3409
109 3209 3495
167 3209 3590
62 3210 3621
67 3210 5485
124 3216 3826
274 3355 4115
289 3356 3957
126 3353 4548
194 3356 4303
299 3355 3955
27 3357 3701
232 3503 4273
223 3499 3732
180 3505 6442
133 3502 4138
147 3509 5250
283 3504 4310
121 3649 4486
137 3653 4737
79 3653 3798
24 3645 3777
58 3655 5517
208 3648 3953
158 3793 4824
119 3801 4872
279 3799 4952
257 3794 4184
188 3791 6583
15 3797 4609
36 3938 5004
163 3946 6467
52 3942 4680
258 3938 4796
40 3943 7093
277 3941 4483
149 4085 5013
287 4090 5026
279 4086 4495
121 4091 5307
79 4086 6080
98 4087 7055
213 4239 5211
46 4236 4318
88 4238 5579
155 4232 4611
178 4233 6580
225 4233 4851
258 4384 6032
201 4385 4895
137 4378 5417
171 4377 4885
273 4377 4768
12 4384 5790
122 4528 5639
181 4523 5563
224 4529 6474
212 4528 6386
61 4524 5376
197 4531 5154
150 4674 5927
241 4667 6286
166 4668 6807
137 4673 5634
89 4673 5050
170 4670 5435
291 4822 7184
38 4818 5846
204 4818 5268
115 4822 6068
173 4815 5144
183 4814 8197
224 4961 6051
127 4965 7707
287 4962 8191
289 4967 6057
236 4962 5413
249 4965 6833
143 5112 6744
174 5109 6976
74 5106 5781
286 5115 8985
26 5111 7604
281 5115 6606
226 5261 5990
91 5256 7885
218 5259 8596
22 5259 5665
37 5253 7225
28 5258 5391
158 5403 6225
64 5398 6333
266 5399 7006
260 5399 9299
128 5404 7510
200 5407 5846
116 5553 6190
14 5549 8650
89 5544 5971
99 5549 8526
47 5551 7783
232 5544 5972
163 5697 9460
88 5696 8083
158 5691 7424
78 5690 7527
194 5694 6396
92 5699 7057
256 5841 7222
30 5844 10657
224 5841 9426
18 5843 8785
103 5843 8240
97 5844 6076
97 5991 9269
253 5985 7674
258 5985 6675
109 5984 9014
222 5985 8257
43 5991 6804
4 6134 6801
89 6134 6659
139 6131 10105
288 6127 11237
154 6133 8317
36 6133 7084
188 6281 6726
78 6274 9442
17 6276 6613
131 6280 8706
131 6274 6684
28 6282 9420
295 6429 7351
271 6427 7225
63 6429 9465
4 6421 6538
4 6423 8052
241 6423 9648
19 6569 8230
124 6574 8311
292 6573 9355
172 6570 10745
252 6566 6839
254 6569 7033
133 6717 7411
32 6719 7756
102 6713 11559
55 6711 9341
192 6714 10917
76 6717 6892
273 6860 8536
288 6861 7364
22 6864 7133
62 6865 7072
102 6858 10116
92 6860 7340
212 7005 8061
232 7011 8153
110 7012 8880
262 7011 7340
175 7003 9289
190 7007 9713
223 7157 7473
283 7150 11498
282 7159 9122
77 7154 9217
47 7151 7827
121 7149 7834
