350
338 2 365
142 0 289
199 0 228
269 0 361
68 0 158
95 0 256
263 179 541
270 177 496
230 179 481
33 178 277
282 176 603
177 169 503
153 345 598
100 352 563
59 353 415
41 343 614
255 343 760
177 347 885
148 526 770
222 522 948
330 525 1301
282 526 826
287 519 945
271 521 958
246 693 1041
66 694 1001
57 695 1007
160 697 1534
138 698 877
35 699 1024
21 873 1444
239 872 1566
316 870 1448
270 867 1384
249 875 1225
223 872 1221
17 1044 1323
317 1047 1590
106 1044 2072
277 1045 1443
229 1039 1401
303 1047 1364
43 1222 2015
208 1215 1506
228 1215 1955
176 1219 2485
315 1217 2105
14 1223 1383
40 1389 1989
139 1395 2142
15 1388 1612
58 1395 1959
282 1396 1879
287 1396 2025
51 1562 2252
330 1568 2112
258 1567 1909
59 1571 1718
88 1569 1993
291 1562 1926
72 1744 1894
112 1743 3200
17 1741 1853
162 1743 1985
251 1738 2258
33 1737 3413
286 1914 2482
246 1919 3053
49 1910 2843
251 1915 2448
260 1918 2838
13 1912 2008
151 2083 2454
158 2085 3802
213 2090 3145
122 2093 3124
175 2090 2915
145 2093 2325
336 2258 2742
55 2260 2769
35 2261 2446
6 2260 2568
237 2261 2878
19 2264 2609
115 2436 3982
282 2433 3927
348 2440 3859
195 2438 3170
65 2431 3503
184 2432 2681
226 2606 4226
164 2608 5043
150 2610 2845
292 2609 3304
122 2610 2873
168 2614 3230
56 2785 3267
1 2788 2913
290 2786 4444
155 2779 3838
296 2781 3160
32 2785 3003
255 2959 3391
65 2953 3083
283 2954 5100
206 2961 3827
293 2955 4165
71 2959 3153
324 3135 4357
111 3129 4715
239 3134 4029
77 3137 3373
25 3128 4111
225 3135 3415
337 3308 5784
281 3306 5275
10 3310 4272
253 3311 6436
334 3306 3920
77 3303 5818
81 3477 5993
316 3478 4465
274 3476 4804
253 3477 4523
56 3482 4243
236 3481 6598
350 3659 4267
284 3649 4249
211 3653 4081
268 3649 4620
318 3652 5423
251 3658 4820
111 3824 4100
59 3828 4391
279 3828 4605
132 3824 5612
8 3832 5001
15 3828 5780
192 4005 4300
219 4003 4548
315 4004 6759
233 3997 5817
15 4003 4878
9 4007 4671
158 4178 5136
10 4176 5940
240 4173 5626
210 4181 4622
177 4173 7250
250 4173 7055
176 4349 4803
307 4355 4935
34 4345 6521
3 4347 8146
328 4353 4756
146 4348 5093
185 4527 4835
231 4524 5177
86 4526 5061
48 4524 6172
7 4522 4927
153 4522 4938
320 4696 7144
257 4693 5006
73 4697 5491
51 4703 8551
28 4697 5408
273 4703 6246
186 4867 5449
252 4867 5213
133 4869 5216
72 4873 6201
288 4869 7030
290 4868 5671
107 5045 7040
193 5042 5671
123 5051 7096
161 5048 6004
31 5048 6591
249 5042 5441
197 5225 9348
141 5219 7788
149 5217 5469
296 5224 6364
227 5219 5730
326 5217 6176
311 5395 7105
324 5391 6863
48 5389 8569
290 5399 6566
83 5392 6621
111 5393 6561
267 5570 6917
129 5567 10285
49 5573 6758
256 5566 5945
331 5567 9004
252 5573 7005
51 5746 6095
306 5737 7478
171 5743 7028
310 5743 8833
4 5742 7795
322 5747 6903
342 5921 9061
106 5920 6569
60 5915 9136
162 5915 8205
190 5914 8152
6 5916 6293
348 6090 7933
261 6092 10959
117 6091 8067
248 6088 6738
15 6095 8377
320 6088 6780
244 6264 8239
241 6264 6535
117 6265 7350
180 6260 6632
236 6261 10401
79 6260 6880
96 6437 7651
318 6442 7730
330 6443 7380
308 6440 11985
152 6442 6719
20 6437 9225
197 6612 8055
278 6608 7005
68 6616 7732
75 6617 7231
128 6609 6910
182 6613 8112
328 6790 8653
3 6786 12789
283 6790 10290
289 6790 7177
235 6789 7125
35 6785 7890
48 6957 10748
290 6964 7811
180 6962 10613
158 6964 10555
147 6957 7955
22 6956 12832
7 7135 8144
91 7130 8064
176 7134 7591
69 7137 7444
287 7131 13293
253 7130 9745
32 7303 7530
174 7308 9654
310 7307 8945
100 7307 9274
217 7311 7586
65 7312 10324
234 7480 12123
185 7480 10613
244 7485 7947
176 7484 10080
175 7483 9542
33 7484 9282
327 7660 8698
253 7661 10482
31 7659 10668
296 7652 12883
269 7661 9971
240 7653 8872
181 7827 10823
15 7831 9356
65 7826 10849
208 7832 8915
140 7831 8061
335 7825 8243
315 8003 9433
272 8004 11868
102 8009 8453
1 8009 8138
210 8007 9497
219 8002 12440
126 8174 10690
38 8178 10257
177 8175 10219
187 8177 11065
340 8181 10045
15 8178 9575
68 8354 8526
298 8357 9170
94 8347 10054
37 8353 9824
15 8349 10220
259 8357 10272
229 8530 8861
28 8530 11622
307 8529 9538
336 8530 15629
285 8528 12779
77 8526 8888
47 8705 9041
237 8697 12818
238 8696 9501
160 8702 13056
289 8703 13912
144 8703 9694
120 8876 11547
160 8870 9853
205 8869 17236
79 8874 11144
147 8872 9795
12 8876 9665
346 9048 9811
16 9051 11468
102 9053 11772
137 9049 15773
281 9048 15016
28 9053 11853
152 9219 9622
317 9227 10113
11 9222 9914
255 9226 10164
1 9221 9391
29 9221 14042
59 9391 11854
8 9396 14220
241 9396 10605
70 9392 11754
225 9391 11894
251 9401 10401
148 9571 10637
329 9566 11333
90 9572 15407
91 9568 13041
201 9573 13724
149 9571 10260
135 9739 15320
85 9741 16238
329 9739 11256
193 9746 10134
333 9742 15476
171 9739 10158
19 9917 10410
339 9918 10726
98 9918 11556
202 9918 11961
193 9914 11368
237 9923 13940
110 10096 10267
347 10087 12958
