400
374 2 542
163 5 317
351 0 471
236 5 242
198 2 276
322 5 524
7 206 511
107 206 495
294 202 686
227 203 648
103 198 321
312 207 625
216 404 752
255 407 801
138 407 634
6 402 769
350 403 933
317 402 1009
31 608 1253
163 604 848
339 607 1249
47 609 794
398 607 1384
339 613 1061
158 812 1165
338 809 1295
368 813 1735
46 808 991
274 808 1329
90 815 1081
327 1020 1521
127 1020 1417
358 1019 1725
311 1013 1352
376 1018 1905
85 1014 1287
356 1218 2104
334 1220 2184
309 1214 1674
245 1220 1916
82 1222 1871
150 1220 2510
215 1418 1855
125 1419 1603
138 1426 2869
6 1419 1533
233 1419 1808
160 1425 1729
44 1627 2646
55 1624 2718
396 1622 2907
258 1619 2258
134 1621 2104
340 1624 2321
237 1822 2365
318 1832 2455
369 1831 3059
261 1831 2515
279 1823 2749
288 1829 3068
197 2025 3058
96 2028 2633
243 2033 2963
207 2033 3335
360 2032 2552
216 2029 4181
343 2237 3804
254 2230 4467
393 2230 4688
24 2228 2711
168 2228 2734
11 2230 2649
65 2432 2650
47 2434 3446
55 2438 3255
342 2441 3393
181 2440 3498
344 2439 3008
238 2640 3786
69 2642 2746
4 2636 3149
318 2643 4430
27 2641 3079
213 2634 3787
121 2842 3598
20 2846 4223
314 2838 3460
110 2840 3619
285 2842 4045
298 2842 3297
303 3044 3368
341 3050 3610
84 3044 3731
197 3049 4384
105 3045 4182
243 3047 5255
218 3244 5362
340 3245 4921
319 3253 5769
190 3244 3969
302 3244 3665
277 3246 3663
323 3448 4969
223 3447 4190
171 3454 5603
137 3450 4897
334 3452 4311
118 3447 3651
358 3657 6056
331 3654 6789
301 3655 5117
175 3653 4500
380 3650 5701
54 3659 4426
328 3856 4188
118 3854 4067
180 3854 5075
133 3854 5088
344 3860 4761
381 3852 6297
165 4062 6263
252 4061 4444
276 4058 6838
186 4055 4579
71 4056 5572
212 4061 4506
220 4263 4753
286 4263 4752
243 4265 6255
379 4262 5075
119 4263 5220
124 4268 7070
115 4463 5766
20 4464 6941
362 4468 5326
279 4468 6275
322 4465 5340
80 4463 5085
339 4666 5795
285 4665 5564
397 4670 6842
139 4670 5768
209 4667 5285
75 4664 6041
323 4876 8297
276 4871 5947
359 4872 7193
107 4874 5347
232 4867 5254
355 4868 5982
217 5077 5648
79 5071 6842
94 5078 8616
206 5079 8108
93 5071 8193
221 5078 6351
51 5283 6332
400 5273 7272
100 5281 7491
151 5273 7481
237 5277 5949
368 5283 7914
122 5477 8443
44 5480 5926
186 5481 5811
74 5479 5734
223 5476 6763
339 5485 6621
309 5687 6547
396 5686 6544
95 5686 9203
5 5681 6267
100 5681 6056
158 5684 7786
251 5890 8544
29 5892 6291
313 5892 6690
206 5891 6428
196 5892 7231
264 5884 9564
128 6085 8143
199 6094 10770
180 6091 6953
145 6085 8910
124 6090 8141
31 6093 7295
307 6288 6898
366 6295 7037
248 6292 12502
253 6297 6623
395 6293 7540
288 6290 9745
212 6496 6901
48 6500 9380
29 6501 6763
82 6501 7016
184 6495 8893
3 6497 7402
20 6699 6811
201 6701 7103
135 6701 7231
122 6700 9751
68 6694 7183
347 6702 9181
70 6902 8216
362 6897 10342
115 6900 7608
398 6906 8896
307 6904 7766
371 6899 8295
78 7107 8467
298 7101 7825
36 7103 11277
315 7101 8577
309 7108 8503
332 7106 13726
392 7306 9957
277 7306 7601
307 7304 10976
31 7310 8709
129 7309 10546
1 7307 8368
262 7506 11591
218 7513 10336
13 7514 8295
389 7509 8109
283 7510 8072
201 7510 8910
86 7713 9040
75 7716 8066
128 7710 8506
119 7711 9828
323 7712 8975
10 7713 9748
296 7922 11939
291 7920 8415
131 7912 8997
316 7922 8757
82 7915 8019
25 7921 8760
181 8117 8632
267 8120 8588
82 8117 14148
267 8119 8720
93 8125 8617
278 8122 13963
192 8328 8681
129 8323 9926
133 8328 8724
56 8323 12648
209 8328 10277
365 8324 11153
188 8522 8973
6 8530 10525
70 8529 10703
100 8526 9731
102 8531 9631
51 8523 9999
327 8733 9774
332 8730 15028
191 8727 12757
50 8731 11905
288 8726 9093
48 8727 9623
16 8930 16637
316 8929 11528
32 8932 14313
15 8937 9862
140 8931 9821
182 8929 16256
330 9135 11180
61 9133 14369
222 9133 12460
244 9139 12156
366 9138 10482
372 9130 12122
180 9342 13744
112 9336 10005
96 9335 10136
248 9335 11462
31 9342 10088
45 9341 13133
172 9539 14461
272 9536 11195
302 9541 16243
278 9539 14073
317 9536 10598
95 9543 10091
109 9742 10408
56 9742 12694
340 9745 10418
41 9747 10092
6 9749 14013
330 9744 10366
122 9947 11443
305 9951 13400
330 9949 16533
185 9944 13347
194 9945 15917
269 9950 11245
269 10150 10865
307 10152 10604
163 10155 17976
320 10147 12841
107 10152 11260
135 10145 13065
71 10353 11403
385 10349 10890
371 10351 11288
311 10350 11158
133 10352 20099
144 10354 19075
219 10555 14692
317 10554 13528
12 10554 11314
104 10558 10843
162 10552 12884
94 10559 19029
91 10764 21139
234 10759 14214
40 10761 13167
355 10757 13767
49 10764 16315
221 10760 16388
311 10964 17405
310 10960 12663
178 10958 11895
257 10960 11412
236 10966 16077
278 10961 20379
104 11165 15961
55 11162 13832
225 11168 17646
359 11160 15888
371 11166 15871
365 11164 16915
88 11367 12058
371 11370 14539
207 11370 12097
306 11369 12654
190 11364 19537
36 11373 18425
96 11572 19545
287 11575 13915
268 11573 23017
279 11571 12446
349 11568 12408
115 11576 11718
185 11773 12047
333 11771 14383
397 11773 13050
390 11772 14003
231 11777 12339
7 11775 13513
60 11972 19365
292 11972 12452
105 11981 14270
89 11973 14767
99 11980 15451
375 11975 16626
37 12179 12407
75 12182 15551
38 12177 12500
210 12184 15808
367 12185 23104
217 12179 12534
66 12386 20663
128 12379 14030
70 12383 12803
295 12381 16000
220 12388 19281
339 12378 16982
107 12591 15932
392 12583 13902
206 12587 15244
292 12581 18225
158 12581 13658
174 12586 12901
6 12790 14856
393 12786 21055
222 12794 19683
137 12789 19466
125 12784 13116
56 12792 14395
318 12995 18990
103 12987 22038
367 12997 14230
243 12989 21217
140 12990 22360
63 12995 15101
288 13190 14358
258 13193 16682
358 13195 13995
216 13195 14536
128 13200 21687
125 13199 14198
205 13398 15096
312 13398 13746
188 13398 13961
18 13399 13804
