450
118 0 121
331 0 425
397 5 444
9 0 123
70 5 139
353 0 527
283 224 680
56 227 335
404 222 665
349 221 753
55 227 686
52 227 521
348 442 1054
119 448 1067
108 444 663
424 445 1065
372 450 1005
74 442 703
63 668 779
431 671 1238
205 674 942
27 666 985
44 673 1306
431 669 1167
360 897 1429
16 895 1427
431 890 1475
297 896 1506
273 888 1744
139 896 1466
4 1120 1553
61 1120 1660
331 1118 1727
109 1114 1640
432 1120 1579
187 1115 1943
320 1334 1792
229 1334 1902
434 1337 1887
329 1338 1868
447 1333 2076
159 1337 2342
172 1559 2283
424 1558 2954
309 1564 2392
44 1558 2427
44 1561 1816
448 1556 2375
408 1787 3584
438 1789 3128
201 1785 2325
59 1783 1934
93 1782 2286
104 1782 2998
22 2012 2370
142 2012 2825
438 2003 2589
137 2005 2269
198 2011 2381
50 2009 2947
106 2232 2748
307 2234 3453
370 2229 2771
203 2226 3034
5 2225 3652
348 2232 2802
391 2450 3092
65 2458 3123
34 2452 2618
121 2458 2961
381 2451 3096
53 2449 2675
200 2680 3034
122 2676 3016
163 2672 3050
139 2677 3419
99 2673 5588
300 2674 3707
258 2901 4266
134 2896 3158
302 2897 4797
440 2899 3735
64 2895 3609
247 2898 3327
199 3119 3511
64 3122 5677
158 3118 3712
224 3122 4296
109 3126 5084
147 3125 3900
76 3341 3941
265 3347 5543
253 3350 6631
446 3348 5675
332 3346 3952
197 3345 3553
299 3570 3936
297 3568 4174
183 3565 4164
305 3566 5663
4 3569 3969
15 3564 4522
92 3792 4076
102 3792 6261
249 3793 4271
417 3789 5635
413 3796 4409
350 3790 5629
440 4015 4750
425 4017 5646
173 4013 5444
326 4019 4727
56 4013 4194
305 4009 4530
215 4241 7175
277 4240 7382
380 4240 5282
294 4233 6692
128 4233 5356
440 4242 7101
423 4462 5356
357 4458 7823
1 4458 5384
176 4460 4744
412 4455 5537
424 4457 7355
197 4679 5162
160 4682 6089
10 4679 6785
48 4683 6873
363 4678 8345
89 4686 5854
377 4908 5679
384 4901 7826
104 4910 8445
181 4905 5690
374 4911 8686
224 4905 6457
442 5124 8029
435 5125 10191
79 5133 5285
446 5131 7750
308 5126 6042
287 5129 7055
54 5352 8340
83 5352 5568
45 5357 9053
263 5348 6002
163 5353 7291
25 5349 7942
220 5576 9454
265 5571 6328
314 5572 7309
127 5571 6921
412 5578 6938
57 5580 7502
179 5803 11407
108 5801 7134
371 5793 6955
24 5797 8176
285 5800 7834
399 5802 6689
336 6024 7122
234 6024 7065
328 6025 8830
397 6017 8129
47 6024 6374
323 6026 9467
68 6244 7583
388 6248 6747
126 6239 8122
287 6249 9353
130 6244 6481
287 6243 6606
177 6466 7138
78 6468 6682
415 6472 8631
417 6467 9325
336 6462 7034
409 6465 9216
80 6695 9044
445 6695 8038
13 6692 9087
45 6686 6815
383 6691 8451
162 6690 7300
413 6914 8786
337 6909 7351
423 6911 7374
185 6915 7265
321 6908 8902
266 6915 10736
179 7136 14234
93 7135 7538
127 7137 8623
135 7140 11373
240 7140 7496
352 7138 8342
400 7359 10563
136 7356 7649
53 7358 12658
182 7360 7785
392 7361 8129
424 7357 11268
112 7585 7714
20 7582 12247
158 7584 7953
263 7582 9770
126 7577 8594
322 7587 8937
173 7809 8161
427 7807 11472
423 7802 9881
261 7801 11162
146 7809 12451
374 7807 8529
336 8026 11328
106 8033 8753
357 8028 11183
336 8030 12163
17 8025 8569
20 8033 9529
202 8254 11212
116 8252 11709
52 8254 9449
83 8249 11163
263 8252 8727
222 8253 9030
13 8478 9639
78 8478 10806
41 8471 8926
56 8473 9825
288 8469 9297
209 8476 14527
137 8699 12736
118 8692 8827
268 8696 13033
195 8698 14408
201 8697 9590
71 8694 10929
214 8920 16036
329 8916 10218
176 8919 11475
110 8915 12762
295 8925 9769
106 8915 16003
54 9138 12419
415 9141 12102
46 9141 9491
172 9143 11299
13 9147 15643
358 9142 14898
421 9363 15605
440 9362 10794
387 9371 12140
226 9371 10820
52 9362 10119
4 9361 12497
315 9589 15112
187 9587 16137
34 9591 11235
13 9589 10041
301 9585 10034
2 9586 10286
366 9807 14478
343 9812 14042
390 9815 13106
170 9811 11225
10 9814 12991
83 9815 10027
54 10034 10201
5 10030 12429
101 10033 13797
428 10037 10976
91 10039 10844
171 10030 11252
324 10262 16984
410 10253 18074
365 10259 12508
315 10258 13171
3 10257 14330
364 10254 13145
32 10486 17269
271 10486 15469
421 10482 13974
204 10478 13969
101 10482 11952
68 10476 15157
361 10709 19702
112 10706 12596
384 10708 17601
257 10702 14790
277 10709 14085
119 10703 15665
338 10924 14578
138 10924 12756
385 10931 12235
230 10925 16566
140 10931 14005
206 10929 13399
22 11148 12225
367 11152 13528
72 11153 14353
76 11150 16201
426 11151 14321
177 11149 11504
271 11369 14361
425 11376 11968
349 11369 18154
251 11370 14858
299 11370 12885
179 11372 13323
344 11597 12504
292 11597 11992
350 11600 16164
209 11594 12269
204 11595 14821
191 11600 19683
2 11817 14167
266 11814 12387
448 11817 14792
305 11819 18837
440 11816 14717
162 11823 16080
339 12047 16023
94 12038 19400
269 12045 12539
236 12046 20719
244 12047 21458
448 12045 12994
64 12261 12567
78 12263 13373
337 12262 23107
397 12261 23699
328 12260 14077
5 12269 12801
173 12490 15758
18 12491 15085
324 12492 14034
9 12493 15660
200 12488 14568
234 12484 13047
302 12712 14059
284 12709 25069
25 12711 17974
225 12711 13505
70 12711 15360
287 12710 13567
6 12931 18292
220 12931 13369
374 12937 15042
87 12933 22397
24 12937 13615
163 12935 13771
106 13153 17763
396 13157 17256
123 13162 23499
334 13155 14448
114 13154 15181
209 13155 13991
432 13382 18170
149 13375 13681
284 13375 13852
271 13380 15617
4 13383 14234
208 13383 19287
430 13608 25346
228 13599 16421
295 13604 19077
50 13608 14086
8 13602 15911
415 13602 18967
216 13823 14797
104 13830 17348
339 13823 16473
76 13823 20101
114 13828 14920
416 13829 17707
85 14051 14788
1 14052 18044
288 14053 15031
284 14047 24912
183 14054 21028
373 14053 14757
151 14269 20311
74 14277 18822
254 14273 18036
425 14274 27110
8 14274 14618
188 14267 14953
262 14499 15286
447 14494 17035
445 14490 17255
223 14499 21513
364 14495 16131
203 14500 15972
280 14717 17939
13 14718 23421
105 14714 15469
112 14713 22142
318 14713 16193
226 14721 17208
198 14943 21165
152 14943 16676
106 14946 17170
299 14946 19740
411 14944 26470
124 14943 18358
392 15162 17309
113 15163 15931
188 15163 24619
450 15163 23179
311 15164 17261
379 15162 21630
135 15389 16752
184 15383 18719
202 15382 24431
164 15385 16585
434 15389 16948
432 15388 16963
243 15609 18100
111 15614 15838
162 15615 17285
234 15615 17623
79 15607 16039
361 15608 17406
225 15828 16552
49 15829 18830
383 15834 17005
423 15838 19630
344 15833 19833
326 15834 22890
380 16060 24566
211 16054 27229
61 16061 26129
36 16059 24168
242 16061 20819
395 16060 24264
415 16275 21703
436 16282 22759
121 16277 19148
150 16282 27022
274 16280 20158
108 16277 16755
96 16498 16934
250 16503 18566
221 16500 26955
163 16500 17227
202 16497 16909
79 16497 22497
