50
7 1 20
44 4 58
35 3 46
9 3 38
41 2 48
30 0 48
25 31 94
46 27 75
1 30 62
33 31 90
5 24 50
23 25 80
6 50 78
44 54 107
39 58 133
19 58 108
38 56 99
4 55 80
40 85 178
45 77 141
41 81 136
16 86 118
17 85 179
35 86 156
39 103 184
47 103 205
40 110 172
14 109 163
25 112 189
31 110 211
22 133 184
35 130 188
31 133 211
6 132 145
44 137 195
24 132 191
40 164 204
30 163 225
44 162 251
17 164 224
43 166 289
21 158 197
38 194 327
16 187 340
12 191 246
29 193 416
28 189 300
6 184 203
18 213 284
14 213 239
