500
227 0 273
398 3 409
276 3 358
381 0 575
216 0 426
337 0 541
283 249 911
443 254 804
373 251 924
327 251 1020
264 255 586
8 256 441
442 507 1139
438 506 955
362 499 982
383 505 1201
293 504 888
309 499 930
197 754 1086
322 755 1220
99 761 1720
135 755 1239
334 758 1347
497 760 1977
333 1011 1490
421 1013 1672
162 1007 2187
238 1012 1408
231 1011 1400
388 1006 1808
98 1263 1517
81 1256 1535
171 1264 1844
66 1256 1717
431 1264 2208
357 1257 2257
159 1507 1961
138 1517 2547
483 1511 2633
327 1511 2085
84 1512 2732
472 1517 2209
119 1767 2984
161 1761 3106
470 1765 3805
442 1760 3975
347 1762 2579
170 1768 2074
267 2021 2401
465 2018 3360
301 2018 3039
377 2011 2590
500 2011 2674
302 2015 4111
193 2270 2680
166 2264 2925
191 2265 3421
137 2268 2430
403 2273 4172
327 2266 4169
270 2518 4347
258 2519 3226
1 2516 3750
139 2517 2969
62 2518 3061
300 2522 3637
482 2772 4574
423 2767 3936
107 2771 3548
4 2772 3072
161 2776 3161
322 2774 5082
93 3028 5901
474 3027 4389
125 3027 3210
30 3021 4855
399 3020 3830
387 3026 3913
87 3278 4679
385 3280 5751
302 3278 3704
342 3273 4588
42 3274 3688
416 3279 4005
394 3531 4617
326 3529 7342
388 3527 4259
341 3527 5760
444 3524 5095
416 3532 4067
205 3783 6023
144 3780 5372
452 3785 5263
373 3775 4659
231 3785 4919
320 3775 5605
253 4028 4413
323 4033 7198
12 4037 6837
172 4031 4856
356 4031 5151
272 4031 4494
313 4285 5601
325 4286 8291
59 4283 5300
449 4284 8334
112 4287 5006
337 4289 5481
31 4535 5827
454 4541 9497
372 4533 6768
90 4535 5160
374 4539 6460
382 4535 7939
165 4788 5928
480 4784 8630
481 4793 8725
298 4792 6327
326 4790 5657
391 4793 6978
443 5036 8903
371 5035 5877
426 5045 5810
333 5045 6354
116 5038 6858
254 5044 6229
342 5292 7750
372 5290 7978
399 5289 8650
286 5288 7510
126 5290 5776
491 5292 8289
489 5544 6761
65 5545 5671
26 5540 6625
108 5549 7131
188 5545 8511
168 5546 6283
190 5801 8086
321 5798 6255
209 5799 6285
12 5793 6261
66 5797 10633
463 5796 6309
367 6051 6815
432 6050 7139
492 6051 6934
55 6052 10207
388 6050 10897
187 6052 7858
127 6296 9158
434 6304 6961
215 6295 7306
485 6298 10746
204 6301 9063
417 6297 9946
305 6554 9739
485 6551 7519
487 6550 8606
486 6549 9166
269 6553 8332
425 6554 8648
227 6809 8081
84 6807 7343
67 6803 12752
479 6804 8219
386 6800 9487
405 6808 8927
153 7060 10275
271 7060 7939
173 7061 9180
326 7060 8078
121 7059 7319
96 7057 9764
138 7304 8012
49 7311 11525
50 7313 9717
226 7308 9729
196 7312 7722
5 7313 14170
148 7559 11443
436 7565 9448
235 7564 7863
140 7560 7988
157 7557 7845
97 7560 8676
113 7807 8817
473 7810 11738
479 7817 8804
464 7816 14024
129 7810 9411
271 7810 14306
246 8065 8439
24 8060 8331
58 8064 8442
163 8066 12324
238 8061 12790
284 8066 11665
185 8318 8889
175 8321 9153
106 8311 11605
213 8318 9434
494 8311 9038
99 8319 9821
374 8568 9245
57 8572 15928
188 8567 17162
492 8572 10633
124 8571 12922
463 8563 9726
108 8822 9737
462 8821 11366
230 8824 13870
191 8816 11083
98 8822 14652
183 8816 13927
347 9074 16637
25 9071 12364
159 9072 10712
66 9067 11221
156 9070 13546
418 9070 15279
313 9328 15234
172 9327 10728
299 9322 11136
334 9321 12973
199 9324 16905
333 9324 11152
143 9572 11238
211 9580 11052
317 9580 14237
90 9579 11408
153 9579 14108
178 9580 13707
313 9832 17088
328 9824 11822
290 9827 12732
214 9828 10851
386 9830 13795
397 9829 13124
327 10083 11519
347 10083 11163
437 10083 11321
55 10079 17421
17 10080 12243
329 10083 10672
34 10332 13817
363 10327 10791
105 10334 14674
207 10334 13098
107 10331 10832
307 10335 10806
223 10587 12470
398 10579 12567
223 10580 13483
257 10583 13739
163 10589 11614
81 10582 11706
96 10835 12209
8 10841 18907
18 10839 14042
81 10831 12053
253 10835 17856
169 10832 13273
81 11085 11536
30 11087 15873
478 11087 15497
84 11087 11543
22 11085 11760
1 11093 16037
228 11345 18392
79 11337 12667
256 11338 12410
278 11337 13951
152 11335 12483
135 11343 19981
257 11591 12320
382 11588 12777
30 11587 18609
54 11587 12634
488 11590 15984
92 11594 17140
230 11846 12346
86 11842 12110
235 11848 12411
362 11840 19223
102 11847 19600
284 11845 15297
114 12101 12385
176 12093 17846
463 12101 13604
396 12095 24297
405 12099 12903
342 12094 13252
229 12343 17830
174 12350 12983
372 12343 13709
65 12348 18944
330 12353 13022
300 12353 14597
313 12598 15588
328 12599 17120
129 12605 14336
422 12600 14010
282 12605 20553
395 12603 19330
307 12847 21806
361 12856 15329
197 12855 14317
79 12848 13968
153 12852 17920
214 12850 13992
76 13107 14478
498 13101 15844
135 13104 19080
425 13108 18603
158 13108 22084
3 13107 14501
164 13358 17273
293 13361 14375
306 13360 17037
53 13354 13720
205 13361 14261
349 13359 16070
242 13604 21129
239 13608 25704
51 13605 14145
410 13603 19934
495 13611 16605
15 13603 22369
41 13855 14945
191 13858 15137
60 13861 19632
399 13863 17431
387 13864 15753
295 13857 15732
195 14112 14340
286 14117 16873
405 14113 20284
369 14108 15733
334 14108 17849
390 14116 20268
7 14359 22938
222 14360 15492
489 14362 17663
339 14361 15254
35 14362 17124
102 14362 14689
261 14612 22492
126 14620 15174
146 14617 14848
151 14618 18900
10 14611 21978
36 14612 16634
325 14871 15767
276 14867 17359
330 14863 15514
245 14863 15845
496 14864 18832
442 14866 20613
348 15124 16011
163 15121 21203
473 15122 18183
327 15123 20171
344 15117 17390
437 15125 17068
373 15374 25887
271 15374 25144
77 15368 18197
142 15367 23993
93 15371 17490
235 15368 15793
12 15626 24311
249 15620 17457
116 15619 16025
53 15628 17814
90 15629 16451
79 15619 21081
483 15874 18411
100 15880 25308
52 15872 21659
152 15878 16126
177 15880 17046
452 15880 16612
167 16127 25723
190 16131 16398
163 16132 25910
353 16124 17143
141 16132 30086
266 16124 25330
475 16380 18293
221 16382 26890
483 16375 18605
353 16376 19656
327 16377 17448
337 16378 17028
238 16630 26093
395 16633 17500
478 16636 17292
69 16627 20204
316 16631 26757
262 16636 18624
331 16882 19307
76 16886 17877
101 16880 18427
392 16880 20657
197 16888 19385
63 16885 19686
372 17138 24172
283 17140 23650
268 17139 26231
195 17138 18847
477 17131 22762
301 17141 17719
426 17393 19267
142 17388 18681
85 17393 21861
494 17393 19397
406 17391 19336
213 17383 20132
257 17643 28026
447 17636 24861
277 17637 33838
465 17635 19907
48 17641 17870
327 17640 20951
81 17897 18843
45 17891 29486
438 17891 18764
392 17897 29997
48 17893 22884
346 17897 22233
125 18145 18827
310 18140 23935
468 18141 22581
210 18142 33179
56 18141 28348
353 18147 26492
398 18394 19689
407 18399 26907
363 18394 30849
21 18391 25112
433 18398 19659
23 18394 19780
182 18645 25715
172 18653 21145
346 18643 32002
308 18646 23401
398 18650 19192
209 18650 30025
431 18895 19410
14 18900 20839
278 18899 27227
455 18904 24329
401 18903 29386
95 18897 24939
160 19152 19718
294 19155 22951
483 19149 23411
104 19155 28781
190 19149 21449
256 19150 26915
146 19404 26880
476 19403 28601
73 19400 22313
483 19401 20000
112 19407 23653
270 19401 27044
241 19655 22709
85 19659 20573
213 19658 35955
21 19661 25497
371 19660 26389
118 19653 30796
78 19905 26047
330 19913 25259
488 19909 22394
58 19906 20910
34 19906 20173
200 19911 23665
371 20165 21754
391 20159 24280
66 20162 20928
103 20165 33596
316 20157 32310
367 20163 21400
301 20415 27634
71 20413 28334
285 20411 26364
306 20411 21082
368 20413 22957
14 20407 20767
447 20660 22682
276 20668 25130
245 20666 27756
276 20666 27112
11 20668 37770
181 20661 23253
182 20919 31512
210 20915 26187
