100
51 80 150
98 59 164
80 46 138
127 64 195
38 83 129
136 75 211
67 17 95
96 21 124
37 25 72
38 31 72
100 45 149
45 58 121
141 41 182
43 23 84
94 15 123
103 35 156
99 52 154
138 95 235
36 57 95
144 2 149
118 38 164
72 57 142
79 48 135
148 43 192
79 34 129
58 27 94
80 13 101
130 22 160
28 67 102
70 30 100
38 53 101
66 58 133
35 48 102
112 46 158
41 59 105
78 40 120
99 61 173
93 101 212
122 60 196
82 70 169
126 53 192
32 56 89
144 57 208
134 59 210
25 47 83
58 35 101
85 35 128
130 83 223
111 68 194
74 20 95
43 80 137
126 16 153
70 65 137
127 31 166
47 35 84
139 47 204
107 45 165
57 47 121
112 26 141
35 61 110
44 84 131
98 78 186
129 124 271
80 29 115
129 39 182
99 43 159
104 73 188
32 47 96
60 53 127
58 68 127
58 27 87
110 11 139
28 28 72
61 62 124
49 65 132
148 24 188
145 46 203
54 40 96
140 46 189
104 3 118
143 52 200
122 32 173
98 48 151
148 2 151
127 51 180
59 93 169
27 42 72
134 24 172
60 75 153
52 105 170
82 41 140
70 74 161
95 33 146
86 65 167
106 32 138
79 94 181
91 47 143
33 42 90
25 30 67
128 2 135