150
43 4 54
56 142 204
29 148 179
118 67 189
48 39 106
91 27 123
136 95 238
109 95 221
134 116 256
43 71 126
42 79 137
54 51 116
149 85 249
142 32 180
34 100 139
122 48 176
32 2 44
135 58 210
47 38 95
46 91 154
28 115 161
97 130 228
56 73 141
77 125 216
71 107 184
104 156 261
105 68 178
71 61 148
72 69 145
114 90 222
30 15 54
43 98 142
132 117 262
116 37 158
76 117 211
47 73 134
93 156 264
76 2 81
135 114 264
132 101 244
149 28 194
59 98 159
148 66 230
115 77 195
115 90 221
139 45 192
120 122 261
142 103 251
126 76 221
76 104 187
130 42 184
108 73 195
118 32 150
111 76 189
58 92 168
73 80 153
69 93 173
59 109 172
30 33 69
141 101 261
25 142 175
128 74 204
62 101 182
74 2 95
101 90 194
106 70 185
76 100 191
146 113 261
36 64 113
147 48 213
38 93 139
133 46 193
77 47 138
110 168 293
71 128 204
55 11 80
93 54 163
135 72 219
44 40 97
72 112 201
42 19 78
134 105 240
121 63 189
107 37 162
32 67 103
109 66 194
62 5 83
57 86 147
113 63 180
108 72 190
95 2 109
112 141 256
38 98 153
84 97 199
125 110 240
111 55 182
75 116 193
130 66 206
142 102 250
40 107 150
56 44 118
127 94 238
134 40 182
40 27 84
98 75 191
37 137 187
99 93 206
35 55 91
28 97 141
80 48 135
98 61 172
30 60 93
62 83 147
147 37 197
89 84 191
46 134 195
113 29 160
149 63 213
124 139 264
134 92 231
53 24 82
146 93 249
129 123 261
104 118 229
104 148 264
116 32 152
37 100 140
124 87 224
37 21 67
115 147 269
137 111 264
107 95 215
103 41 145
132 30 174
107 115 241
29 102 136
65 69 137
69 70 155
31 103 143
110 38 159
67 83 153
92 132 236
71 6 87
77 121 212
73 130 213
70 106 183
132 77 224
37 72 114
144 61 217
97 77 174