200
93 198 291
137 80 234
39 2 49
139 213 358
140 95 240
65 106 176
83 54 150
38 116 173
119 102 234
40 106 162
125 90 219
103 97 215
148 9 168
42 67 121
117 85 210
111 34 162
84 125 225
27 95 126
30 110 143
41 104 149
93 129 227
25 60 94
43 75 127
86 69 174
47 72 120
70 135 214
42 67 111
123 149 291
129 53 184
94 31 142
55 5 64
71 115 193
88 95 185
69 151 231
42 107 154
131 114 246
110 27 138
110 148 264
96 35 133
26 131 174
62 49 123
36 81 136
79 103 199
58 115 183
25 2 41
111 67 189
45 226 288
76 105 189
131 53 197
81 118 203
117 127 261
63 146 218
50 85 145
90 90 198
85 81 182
33 84 122
85 214 315
57 123 196
30 167 216
103 20 134
147 149 305
117 181 315
130 74 208
145 76 228
46 101 162
114 104 227
36 71 117
89 73 178
109 60 173
28 58 91
116 55 176
100 2 111
140 61 207
60 103 180
139 107 251
43 14 60
138 85 226
136 26 163
69 50 127
125 68 195
106 238 358
45 61 118
138 107 253
113 83 201
66 132 207
114 93 214
96 159 265
114 174 296
109 122 235
80 29 109
65 146 218
143 179 333
85 151 243
79 40 132
113 17 145
69 49 125
111 2 114
136 119 260
135 35 187
86 183 271
144 61 223
72 83 166
131 154 296
98 178 285
25 88 128
122 226 363
28 77 116
132 157 292
45 122 184
35 58 109
123 108 235
131 140 281
124 77 209
108 54 176
32 140 183
138 2 142
76 173 260
90 2 100
127 176 312
146 69 218
29 170 209
71 60 136
145 154 316
33 110 160
36 164 204
101 120 228
138 2 158
28 14 42
35 65 103
109 116 243
57 199 261
144 131 287
96 37 148
46 117 173
74 96 175
126 147 281
39 47 100
127 42 175
117 154 276
143 129 277
72 6 81
70 90 172
91 148 257
81 98 182
73 107 195
54 100 158
120 129 264
129 127 256
89 61 154
71 167 254
98 3 107
132 68 210
106 95 220
64 57 133
146 210 375
104 136 254
141 98 239
124 161 287
34 134 181
60 135 197
116 68 189
134 141 294
75 15 107
73 122 206
144 114 266
72 92 179
34 139 182
61 201 264
53 117 172
130 89 225
130 72 214
140 64 223
60 96 158
30 54 88
37 153 202
123 106 239
84 136 232
47 139 197
116 42 166
77 98 191
98 84 191
33 45 95
33 192 237
115 77 206
96 52 158
139 54 196
118 53 190
119 31 156
38 65 106
137 43 195
82 123 223
87 64 154
135 155 299
121 132 261
69 117 202
124 23 158
121 9 133
114 132 259
72 42 119
59 101 174