250
144 82 237
38 38 81
94 278 389
32 95 138
31 119 157
127 150 295
46 105 151
83 162 249
63 2 67
143 171 327
120 2 136
106 173 291
100 48 152
27 157 190
107 86 193
48 29 80
105 157 273
115 138 258
146 154 310
51 143 211
129 198 330
113 161 282
70 254 341
149 190 356
136 100 239
83 117 214
74 145 219
87 186 283
109 132 245
106 156 272
119 156 278
133 189 322
146 213 360
104 232 353
51 53 115
73 157 244
63 169 251
149 107 270
66 221 302
143 207 359
125 80 223
101 82 194
127 60 200
82 19 101
112 188 302
65 147 219
97 98 198
136 181 329
129 146 292
72 175 254
65 51 116
117 44 177
60 202 263
129 42 171
132 68 201
54 31 87
71 10 100
97 176 288
137 170 307
126 144 280
146 123 287
25 3 30
146 144 304
105 151 267
143 151 296
47 106 166
143 154 299
45 92 144
142 168 315
98 79 191
30 139 187
102 76 193
73 77 151
111 126 237
65 122 199
40 120 162
25 77 118
127 2 146
108 151 271
99 54 171
72 107 183
38 76 133
28 87 124
91 2 105
50 128 196
93 67 174
46 183 237
69 99 179
36 147 188
141 102 246
84 90 188
82 2 99
105 177 293
120 163 286
59 170 229
58 134 201
49 98 159
103 52 156
97 105 214
105 113 231
39 200 249
73 117 203
135 131 269
111 168 282
57 91 159
106 174 297
98 123 231
114 71 192
102 129 248
48 182 247
118 122 255
120 224 359
56 128 197
29 48 79
34 207 258
77 121 204
139 123 279
28 112 140
77 113 194
93 81 174
109 49 176
96 150 258
140 122 267
119 122 252
77 116 208
37 52 96
67 212 288
111 103 225
126 209 350
49 128 196
78 145 234
99 100 204
134 115 258
148 163 319
64 202 276
56 140 197
81 220 307
136 127 266
106 113 222
50 94 146
129 160 293
46 51 99
87 210 303
46 77 123
131 30 177
48 137 188
137 140 280
123 133 267
88 61 168
79 90 169
63 97 169
73 61 152
64 233 309
106 145 268
116 138 257
43 121 175
139 99 243
47 40 93
121 139 275
65 145 225
35 182 236
114 304 426
70 127 212
147 112 278
36 135 173
76 62 146
114 142 272
93 55 153
129 207 346
56 156 231
27 56 99
140 120 260
137 137 278
131 93 236
48 127 184
118 136 263
138 140 288
56 128 184
136 113 251
70 140 227
109 215 333
130 203 339
144 103 258
148 250 408
129 58 204
149 172 327
125 116 252
118 103 235
32 150 185
110 61 175
101 134 247
130 133 263
124 93 219
129 180 321
51 33 94
135 32 186
81 36 119
107 222 332
76 70 164
34 141 179
59 147 225
44 221 271
71 88 163
98 196 297
135 288 432
37 128 178
46 144 196
51 163 217
88 94 198
48 120 185
144 148 302
48 230 295
140 128 282
121 149 280
90 109 201
119 65 197
63 116 190
86 222 320
114 127 248
137 32 178
131 107 245
33 35 85
73 111 203
104 180 291
68 92 161
44 2 49
116 174 299
59 197 264
85 162 252
97 74 180
75 92 178
133 145 291
35 77 116
117 102 236
103 115 219
33 178 218
73 77 152
46 4 56
144 108 252
142 147 308
108 77 190
28 131 164
33 170 212
141 209 367
37 148 201
98 145 251
63 197 267
49 81 133
49 53 118
80 180 261