300
114 108 235
95 185 285
125 179 305
102 181 298
70 232 305
37 69 119
134 78 218
79 2 98
75 303 394
50 29 82
34 121 163
110 84 198
59 287 351
105 105 212
97 25 122
28 238 284
68 151 237
38 157 212
133 46 191
130 144 275
95 209 307
118 161 283
38 90 132
78 92 173
116 190 306
87 135 240
65 234 302
51 270 324
96 115 212
56 167 223
108 223 338
139 122 274
96 2 102
140 83 239
107 175 282
65 129 201
38 236 288
111 133 259
81 218 305
124 236 367
148 267 431
49 107 169
142 168 321
81 188 285
69 39 110
109 171 289
126 141 282
130 84 221
38 209 256
89 221 329
59 233 295
82 44 131
85 189 281
90 90 198
102 129 250
108 168 290
125 124 265
32 100 141
133 188 334
38 142 197
51 117 169
122 252 388
121 108 241
100 126 243
84 169 263
97 88 200
122 151 274
92 248 350
45 75 127
135 322 466
78 190 271
99 129 230
69 105 176
48 50 109
94 160 273
141 166 307
62 170 240
90 148 242
149 129 285
27 264 299
70 2 75
86 186 289
100 108 216
54 47 114
112 265 392
118 320 442
95 88 191
114 168 300
148 58 209
126 237 379
33 220 264
102 117 238
82 162 251
110 175 294
100 103 217
94 166 267
37 113 156
79 100 183
107 2 114
88 142 236
131 106 237
53 172 244
81 108 195
112 147 273
57 134 204
146 272 435
129 144 288
106 138 261
145 378 540
29 211 250
49 166 228
97 181 295
121 153 289
60 89 158
32 200 249
123 8 141
59 127 189
101 134 251
98 2 114
43 212 271
89 160 249
95 256 352
129 283 420
42 192 247
33 155 206
30 78 110
116 187 311
96 116 226
40 248 288
137 119 262
116 118 246
133 135 280
28 70 104
83 206 296
40 164 219
122 2 140
137 193 343
106 162 268
61 198 262
25 2 34
68 198 267
30 86 118
95 215 313
82 120 204
142 68 213
49 119 168
93 154 261
55 138 207
65 107 182
26 194 222
33 2 47
114 107 235
57 264 326
28 117 145
58 172 239
69 267 340
59 225 294
140 74 225
143 85 240
86 93 197
147 164 313
73 132 215
33 123 166
112 102 223
70 309 389
38 173 226
43 137 198
119 174 299
135 111 264
27 108 152
116 179 304
70 102 181
77 140 235
112 116 242
146 102 248
141 231 387
100 96 197
138 350 497
78 96 179
44 71 117
95 70 170
34 169 214
146 45 206
41 71 113
125 118 250
146 297 449
38 203 246
33 234 276
64 60 137
123 146 278
53 143 197
27 240 267
25 176 211
81 220 317
71 179 256
148 200 356
94 109 217
50 144 201
142 114 270
115 254 376
36 163 215
88 219 326
109 2 111
138 261 406
67 100 184
93 58 153
133 23 170
112 126 256
74 127 218
57 105 165
108 285 409
122 24 147
40 127 170
143 188 339
134 246 392
31 195 241
63 153 223
63 246 316
88 132 220
36 113 163
47 236 298
149 155 305
137 33 172
44 111 171
90 145 236
61 66 133
87 133 221
149 62 213
31 125 165
63 177 252
136 94 238
123 24 157
145 139 302
114 268 390
54 133 206
114 34 153
122 185 309
127 95 228
124 167 296
36 154 193
107 129 241
89 223 329
97 141 241
136 224 377
55 198 272
80 274 362
44 152 196
79 184 271
123 142 275
95 129 241
62 135 202
90 144 239
56 156 224
138 140 289
60 126 199
105 117 238
145 137 286
123 82 206
109 64 189
145 125 282
141 217 371
144 136 299
119 95 223
77 203 296
121 208 341
95 165 264
42 85 133
131 171 313
117 121 242
81 189 277
128 233 367
52 184 255
78 150 246
139 71 225
43 283 341
27 193 227
60 126 187
41 255 298
52 202 260
116 13 144
118 102 221
140 131 290
127 173 314
93 161 270
81 339 434
71 114 195
39 85 132
141 207 351
106 119 238
111 72 189
31 122 158
58 35 94
85 210 307
100 244 349
111 2 121
123 221 362
111 126 253
113 107 227
130 178 310
53 132 186