350
34 141 185
126 149 278
58 90 150
135 85 236
140 210 368
73 128 205
96 333 434
25 244 275
45 312 374
71 132 204
93 203 305
113 257 389
99 245 359
142 38 184
134 97 236
130 231 365
64 340 411
63 283 350
143 136 292
75 152 231
83 86 174
39 199 240
104 129 238
126 111 255
45 399 461
77 367 444
35 45 90
78 202 286
106 202 309
45 207 256
94 154 267
53 180 236
97 104 203
146 247 412
105 173 282
50 192 242
116 274 396
110 10 125
114 2 126
60 274 341
77 215 309
81 200 286
59 162 231
135 362 499
110 171 295
121 306 445
104 311 428
149 71 238
39 112 167
34 295 344
119 129 250
116 350 468
127 181 326
109 110 221
138 2 156
26 162 203
112 312 424
143 145 301
41 166 215
29 46 93
149 131 295
83 254 339
71 52 141
101 85 205
44 228 285
49 2 51
136 361 499
60 196 259
98 232 330
147 2 153
149 357 511
95 2 98
47 84 150
28 182 221
98 183 296
111 216 335
125 190 325
64 74 151
80 2 89
100 107 222
68 97 179
106 236 350
125 174 300
141 151 305
144 316 465
140 231 389
58 123 194
47 148 210
57 82 148
64 162 227
144 259 403
111 112 234
93 88 189
44 171 220
79 224 305
115 204 334
115 251 368
138 26 178
58 94 167
135 222 376
90 120 219
65 202 286
91 230 324
77 154 250
89 211 304
28 313 357
115 233 348
68 100 170
49 142 199
75 166 247
107 209 327
127 169 309
82 228 316
139 193 344
56 415 483
45 168 216
112 78 203
50 46 109
83 259 356
138 68 223
82 31 115
35 123 172
81 243 324
84 38 125
103 113 225
100 240 343
87 203 306
94 245 357
118 66 190
81 121 212
99 88 195
100 125 234
137 301 445
30 38 87
122 128 259
63 288 364
43 213 262
73 166 246
39 169 212
73 225 313
109 243 366
96 321 423
145 3 165
56 172 247
34 30 80
80 141 234
47 200 258
119 35 162
40 138 188
76 83 159
143 118 265
62 240 310
48 105 171
62 166 240
131 134 274
134 197 344
138 266 404
74 236 328
143 125 269
64 234 304
58 53 113
135 168 320
144 118 265
112 162 281
90 193 302
66 161 244
122 150 280
125 148 283
141 89 247
78 168 257
85 165 269
99 122 234
85 51 138
65 136 205
50 247 306
139 108 256
51 213 268
115 266 385
81 127 223
25 340 372
32 139 182
113 210 328
126 217 346
96 142 246
106 55 169
70 262 351
48 152 200
60 206 276
115 277 410
32 192 242
126 95 221
50 79 139
45 57 104
131 228 360
129 2 133
36 120 165
47 64 130
70 114 184
29 142 190
44 203 260
149 187 350
72 43 120
83 229 322
109 69 183
137 285 433
55 37 95
83 140 225
86 221 321
28 294 338
131 117 257
84 96 193
147 112 273
27 328 359
98 146 262
75 334 412
131 225 375
40 75 130
129 321 463
55 141 215
83 31 132
37 290 343
114 151 282
61 204 280
142 182 341
136 72 210
84 75 165
142 185 343
96 219 328
106 201 317
50 213 270
86 192 294
144 51 214
110 4 131
108 140 259
37 272 315
140 2 147
38 212 263
72 178 255
36 232 275
100 188 305
70 105 176
149 230 380
50 26 87
128 154 285
107 40 164
133 280 423
79 175 259
25 255 297
80 149 239
136 175 320
122 186 317
116 2 137
134 264 416
139 132 287
96 203 311
108 69 187
117 106 242
75 188 267
95 136 240
91 38 129
110 2 124
137 122 260
127 143 275
60 245 312
32 270 305
91 151 255
120 200 320
59 261 332
95 109 219
35 166 208
49 42 98
139 164 317
40 92 148
131 234 379
75 20 107
135 284 435
117 290 418
80 299 383
134 186 326
138 218 360
85 202 289
106 256 378
112 135 257
95 129 241
72 338 416
110 20 138
53 159 216
83 201 302
145 166 323
33 49 99
49 192 258
127 59 202
58 90 152
26 237 266
26 65 95
74 114 194
149 162 322
76 103 188
33 2 35
41 232 275
128 87 219
64 206 283
104 212 333
90 162 254
32 155 187
26 193 226
78 375 468
77 138 216
129 30 168
49 143 198
43 179 222
110 225 338
137 158 311
100 93 210
127 204 349
106 192 313
111 327 444
29 148 188
79 167 260
130 174 311
32 204 241
134 236 371
84 128 213
60 171 238
62 242 317
25 279 317
107 111 224
31 243 274
59 237 301
90 191 296
56 321 378
149 272 430
124 2 138
57 257 320
81 163 251
74 135 225
33 118 152
32 141 178
54 160 225
149 187 352
77 222 301
41 178 219
54 91 164
27 187 226
121 188 309
79 253 338
122 151 286
146 77 232
27 161 190
106 201 321