400
114 180 313
123 136 275
43 283 330
77 137 216
66 69 143
37 102 141
55 338 394
144 58 205
145 258 408
141 29 170
110 79 196
128 192 329
86 196 291
137 238 385
95 230 337
71 150 226
105 139 254
72 237 325
147 338 497
108 247 367
96 80 189
79 148 240
148 168 316
72 283 355
59 473 533
50 2 62
44 179 241
71 259 341
109 29 154
137 407 548
33 117 169
39 207 254
53 253 316
70 168 246
59 232 309
149 268 435
40 231 273
76 248 338
128 226 372
88 195 298
94 175 273
79 136 230
48 52 117
81 122 218
114 161 286
116 218 346
88 194 295
97 162 265
80 170 264
144 89 240
49 237 305
46 234 296
133 335 477
26 419 453
33 81 126
113 200 314
100 201 307
147 156 312
38 282 323
63 2 73
115 45 164
142 297 447
91 198 295
38 255 299
125 168 294
114 222 339
84 2 99
33 207 252
64 64 133
26 224 257
120 424 549
112 330 442
48 245 311
77 61 141
36 303 353
104 131 251
47 193 243
93 95 190
89 168 276
49 193 253
90 170 272
36 2 45
87 116 213
137 404 553
71 91 176
44 237 290
75 14 91
118 169 302
143 107 255
40 272 324
78 200 295
53 85 140
142 191 350
99 454 554
45 137 185
107 117 225
120 380 513
131 310 458
51 230 290
32 125 167
90 84 179
101 47 150
105 321 440
108 171 288
32 234 282
109 359 480
144 18 181
113 341 465
71 97 186
147 300 457
45 148 202
53 230 293
26 254 282
43 171 218
143 490 644
42 159 210
61 55 118
122 144 283
74 33 111
111 214 327
85 101 205
102 245 348
147 173 324
40 403 456
100 403 516
119 343 465
26 208 234
120 312 441
38 266 321
129 233 363
63 181 251
79 128 226
121 39 174
97 98 199
80 226 318
56 402 458
72 249 337
113 321 440
34 147 189
68 11 86
131 318 458
138 221 375
101 302 407
137 483 638
55 244 310
56 80 139
135 2 141
26 287 320
131 155 290
53 242 310
136 122 258
98 327 442
81 2 91
60 216 282
144 251 413
45 216 276
86 130 235
81 26 126
75 147 227
113 237 351
35 101 146
81 308 397
40 218 265
25 239 277
49 187 253
44 218 275
140 232 378
91 47 142
37 273 318
95 234 331
46 294 354
96 408 504
35 46 95
93 263 367
53 167 220
60 172 247
140 216 374
116 255 382
63 210 286
34 68 108
79 238 320
78 168 256
99 178 284
75 99 188
109 152 261
92 216 313
142 132 286
79 257 345
26 70 114
44 336 387
87 327 414
49 197 265
86 223 324
130 296 433
57 240 301
142 264 421
123 403 538
91 169 272
120 241 364
86 150 236
146 210 359
40 238 284
29 247 284
142 224 381
119 224 346
27 105 140
136 293 431
127 73 208
140 211 358
104 311 419
81 310 409
58 172 248
146 300 453
61 228 305
61 180 249
64 337 420
43 147 191
73 53 130
40 375 426
125 203 343
69 217 289
113 203 323
51 47 106
147 351 513
110 177 297
98 246 362
118 244 372
52 215 270
96 160 257
138 322 471
108 287 410
62 136 210
63 67 142
31 283 327
109 44 167
48 113 163
69 179 260
108 121 234
139 213 363
132 83 217
63 334 415
43 138 190
64 358 431
34 283 326
105 246 368
139 253 400
98 325 426
92 283 382
33 163 200
132 366 503
88 323 414
124 209 334
119 130 258
83 43 127
29 2 32
145 388 552
124 187 328
120 290 423
78 33 128
114 381 502
47 81 146
135 319 459
34 273 326
29 212 256
112 102 225
127 346 485
128 367 500
145 70 218
144 175 324
122 249 377
96 40 146
92 225 335
90 268 367
136 341 490
124 175 314
25 270 297
90 17 118
96 199 314
135 357 505
120 144 267
96 284 398
93 236 334
58 112 183
132 223 363
132 80 228
137 332 485
106 459 583
115 208 329
115 226 354
36 252 303
122 113 246
120 380 514
39 211 256
37 278 322
29 254 293
62 189 263
53 110 181
64 100 167
120 195 318
37 226 270
72 240 322
97 144 257
47 279 333
48 171 238
106 111 219
35 333 370
93 434 529
88 222 311
66 355 439
134 108 261
130 269 413
143 326 469
55 240 300
78 203 294
109 308 431
25 374 415
65 197 272
100 259 360
132 108 258
99 51 150
86 223 315
103 340 456
112 319 437
58 245 314
146 322 480
70 318 407
126 212 355
142 269 413
100 27 144
96 166 267
111 66 184
41 362 409
108 163 278
129 342 489
64 243 319
122 136 276
143 42 196
137 115 255
136 136 291
149 100 255
102 105 225
119 149 276
122 129 270
81 136 225
94 227 325
65 397 477
116 452 580
97 200 302
147 298 463
132 271 413
84 106 190
100 164 275
35 48 96
92 245 349
133 181 315
28 34 76
128 174 316
148 204 360
71 119 193
103 120 241
38 193 234
28 431 474
90 212 319
56 97 171
119 144 280
147 173 321
44 279 329
134 117 267
44 194 238
27 295 329
123 38 171
142 133 284
94 353 455
122 156 290
111 109 230
26 326 370
149 247 400
29 310 340
98 224 336
147 279 428
72 135 223
133 39 185
76 222 316
91 181 288
96 173 275
70 104 182
76 94 183
140 365 522
53 142 211
130 149 292
53 246 308
121 123 250
135 172 310
93 261 362
89 126 228
94 121 223
121 141 270
98 136 243
117 201 325
123 95 225