450
35 88 140
146 353 517
83 116 210
122 285 410
73 191 272
135 367 503
49 101 155
58 359 435
41 195 246
73 306 392
113 169 301
128 68 200
134 100 249
131 225 366
97 214 311
78 91 186
98 84 201
98 212 315
50 273 329
144 161 306
27 195 224
111 166 291
90 164 265
76 230 320
73 245 326
51 308 366
92 202 302
96 195 299
125 231 364
31 230 272
93 269 365
87 362 463
25 305 336
65 106 185
43 473 522
38 246 302
32 63 112
50 276 339
116 193 325
60 317 393
103 348 457
55 216 276
128 224 363
97 216 316
72 345 423
81 74 165
95 136 248
63 178 243
107 247 368
87 145 241
116 290 412
62 39 104
75 112 203
147 386 544
35 185 234
83 47 139
57 193 266
70 124 205
91 146 255
77 335 429
53 255 322
115 161 277
104 288 395
108 167 286
25 54 94
146 140 302
136 141 282
69 223 304
91 228 334
41 179 238
59 505 580
131 423 569
45 45 100
120 54 176
76 77 164
147 237 399
138 184 341
63 106 181
131 337 476
115 274 407
125 255 392
28 206 240
50 218 280
82 136 229
41 183 233
41 292 342
112 391 521
96 207 311
87 351 445
44 488 543
123 195 321
36 116 158
54 88 154
87 216 309
77 245 334
82 191 291
50 235 295
70 172 259
62 234 312
33 37 82
79 236 326
42 274 333
131 263 400
46 139 204
28 340 369
49 269 327
89 184 278
89 206 314
40 238 290
36 335 378
116 221 343
28 228 256
55 286 353
37 193 244
86 142 232
141 449 593
51 122 192
111 175 287
107 179 286
33 68 107
109 177 296
59 339 405
29 183 221
64 147 222
69 192 273
138 131 272
35 132 177
99 3 104
73 230 316
107 218 328
34 367 416
67 247 321
47 306 364
63 320 395
106 417 524
43 264 309
68 121 189
131 234 369
82 268 365
69 158 241
127 180 324
59 263 336
128 131 266
74 201 294
137 230 367
114 233 357
25 228 258
148 244 399
73 209 284
144 2 164
100 242 347
80 251 332
82 73 162
30 402 449
113 79 209
114 280 395
139 2 143
146 80 242
101 133 242
78 142 229
61 428 489
78 263 355
124 362 491
85 228 321
41 208 266
120 322 443
141 240 383
37 156 210
42 306 361
129 536 669
63 191 263
60 276 348
141 89 230
58 130 206
44 255 317
45 306 359
102 160 276
71 113 187
34 261 300
69 287 369
27 162 189
138 353 501
80 156 245
62 380 453
132 240 384
129 216 351
36 342 389
138 218 356
97 371 474
110 150 268
49 168 224
142 435 593
147 2 157
38 202 255
67 108 186
58 243 314
99 222 339
53 174 234
141 165 322
59 189 255
39 299 342
25 164 203
142 2 155
106 276 390
68 48 120
62 263 327
26 219 253
58 209 282
148 376 529
27 120 148
58 431 490
70 111 188
122 106 234
76 261 352
81 184 273
133 211 345
70 117 197
74 271 348
75 196 280
94 80 189
30 312 348
115 166 295
27 171 203
68 230 299
101 165 268
100 274 390
66 133 210
79 112 208
113 285 400
141 2 153
88 297 388
88 253 348
103 380 484
68 100 172
90 192 290
73 300 389
104 205 314
125 404 547
65 186 268
125 240 380
52 155 225
46 205 252
113 229 343
70 273 345
129 206 342
143 317 466
38 224 278
135 290 436
114 100 233
141 47 204
60 276 352
101 149 250
122 180 318
139 446 603
69 201 286
25 51 91
105 225 330
63 253 332
29 324 369
102 225 330
51 152 213
91 225 320
112 113 244
47 310 360
93 104 198
112 165 287
35 226 270
61 397 473
107 128 246
132 237 378
148 158 321
63 339 411
114 203 321
136 405 552
41 124 179
112 219 332
83 127 219
76 275 354
28 78 109
111 148 262
79 300 388
48 95 145
144 247 406
88 435 525
91 289 396
105 237 345
47 285 336
96 70 180
41 86 142
64 365 437
81 297 392
115 243 364
119 393 515
33 379 424
26 151 186
119 362 486
132 90 234
30 180 214
113 262 392
64 221 294
62 136 210
135 226 373
76 264 345
126 156 282
77 385 472
59 235 310
96 265 377
97 240 356
101 278 386
26 275 309
46 228 274
141 278 424
113 180 297
125 257 396
140 141 290
132 190 337
100 371 482
28 164 192
50 287 356
66 69 146
49 192 248
100 278 382
118 134 271
133 114 248
44 2 62
100 246 361
86 105 204
84 123 215
145 178 337
33 469 508
128 533 669
60 293 364
98 179 283
25 298 330
149 105 270
129 208 342
130 451 591
79 423 518
30 213 255
39 322 377
99 268 381
145 163 309
28 184 230
93 266 378
65 282 361
141 277 436
73 2 85
90 261 367
82 305 388
25 418 448
80 2 100
57 496 572
129 117 250
70 335 407
135 295 442
25 304 335
89 261 350
120 313 444
42 270 326
55 456 525
50 242 292
82 142 226
146 267 424
41 258 299
111 80 201
52 97 158
72 199 281
80 256 345
137 264 408
52 200 267
57 99 174
106 73 183
142 43 201
105 247 367
85 227 320
43 336 382
34 372 420
41 76 123
95 413 525
107 358 479
125 297 437
100 272 377
27 302 339
145 50 197
136 298 447
147 229 377
115 326 455
72 129 219
92 383 486
58 321 382
74 338 428
56 434 507
129 221 356
32 342 390
90 300 405
86 161 258
65 266 336
126 409 535
133 192 335
103 105 211
78 268 355
53 144 214
69 51 122
147 297 447
50 193 258
139 117 270
135 459 612
105 340 455
56 143 208
74 314 392
131 298 435
66 252 324
69 206 279
86 93 179
39 376 434
122 183 312
128 242 370
26 118 146
127 17 154
49 302 368
29 83 126
72 395 485
53 104 164
95 280 382
26 404 433
100 194 312
99 273 384
81 244 327
115 366 494
138 195 334
145 221 373
132 185 331
85 317 411
27 98 131
108 82 208
67 336 409
52 124 180
41 215 267
147 41 190
99 31 146
111 227 354
145 218 365
130 130 277
143 3 146
34 70 106
65 291 375
62 192 258
101 261 367
61 285 360
58 193 263