500
53 212 272
103 236 351
104 380 492
80 383 472
26 383 417
67 296 364
112 170 283
146 195 345
74 186 275
135 197 347
71 268 353
72 304 385
139 146 293
96 177 290
140 112 269
111 318 441
138 476 617
127 150 282
129 281 416
48 317 375
98 174 283
63 270 349
58 221 279
27 147 177
78 90 184
61 352 425
134 259 400
115 196 312
116 234 369
139 381 532
94 78 183
43 235 297
144 482 643
58 274 345
103 354 464
149 231 381
57 310 375
147 216 379
122 195 329
102 299 414
111 429 550
124 259 395
123 264 389
61 45 123
101 177 279
123 331 470
101 434 545
121 62 198
113 114 246
52 145 215
83 171 261
71 163 249
112 325 447
122 299 423
42 409 456
124 338 475
55 192 249
78 256 346
56 273 332
60 361 422
126 436 564
28 227 271
103 288 409
41 402 457
108 186 301
90 384 474
127 295 433
57 235 304
143 37 186
128 248 389
80 324 421
27 223 267
71 488 574
117 279 411
114 165 298
132 224 375
125 216 342
77 233 317
115 359 485
112 372 498
128 354 492
36 291 327
79 402 498
29 376 420
34 434 469
108 381 505
92 240 334
55 264 320
45 186 237
87 308 408
41 389 443
142 285 437
68 94 163
126 307 440
66 290 373
51 436 492
104 345 449
136 372 517
88 82 171
109 49 167
146 284 439
27 115 160
83 150 244
69 260 334
47 328 383
58 311 378
57 56 113
86 58 158
50 92 153
79 224 304
126 184 321
58 410 475
42 104 147
138 218 375
67 346 417
130 472 609
140 350 507
75 195 276
145 289 442
60 190 266
114 431 562
140 309 464
39 287 335
125 360 487
112 275 389
144 198 348
37 209 257
133 365 513
101 104 223
121 280 413
47 123 181
125 362 494
61 402 470
87 256 362
51 151 204
115 412 538
46 284 349
98 333 444
79 413 493
95 214 322
85 376 470
39 244 290
102 193 306
27 157 190
103 43 152
55 474 538
27 360 399
119 308 445
91 163 264
109 202 326
62 410 475
141 119 275
98 364 467
74 364 453
132 417 549
115 237 365
50 437 495
94 263 365
116 275 395
49 127 193
128 195 324
118 503 627
75 150 233
47 209 264
91 224 315
111 123 235
121 195 331
26 208 235
126 70 203
129 92 240
34 345 390
114 2 134
122 69 201
94 279 392
101 131 242
113 397 520
85 347 446
107 367 477
94 340 443
94 478 590
112 291 406
129 290 436
36 170 217
146 107 257
102 516 620
30 96 130
103 121 239
115 244 364
45 268 326
114 387 509
32 361 412
132 480 619
136 85 223
38 250 296
27 441 479
81 312 410
70 381 461
100 2 111
87 242 342
27 387 419
89 157 263
138 266 423
113 246 373
118 156 283
124 251 386
140 482 638
37 329 373
51 413 477
100 272 382
146 194 351
104 206 316
125 208 342
119 463 593
105 346 469
95 69 174
43 223 273
63 186 256
100 303 403
107 324 448
25 598 625
77 380 464
66 54 139
106 354 467
39 229 286
96 339 447
41 347 388
132 212 361
144 401 557
57 455 524
138 121 269
53 2 55
131 377 519
37 263 316
101 67 180
68 418 502
72 438 515
132 201 338
122 509 643
62 164 235
79 324 408
41 94 148
72 351 441
81 298 392
147 2 154
133 308 444
141 306 462
48 343 403
124 261 396
49 416 476
30 259 304
95 192 294
30 630 679
62 163 231
119 133 254
127 2 132
134 226 377
58 327 393
123 116 253
118 340 462
97 264 373
100 392 509
96 143 248
73 243 318
35 189 242
141 412 555
138 241 387
86 449 538
52 413 475
94 155 265
88 272 374
50 129 190
82 276 370
76 276 358
100 209 310
81 347 439
63 250 317
145 240 386
26 253 289
128 227 356
37 59 114
65 278 345
92 378 475
67 279 359
80 134 228
135 435 589
125 300 433
117 123 248
62 361 437
26 274 306
35 150 202
50 397 455
98 309 420
45 391 439
137 285 429
60 414 482
144 335 488
96 290 397
79 293 391
104 322 437
96 525 634
138 158 307
143 115 264
64 99 169
117 167 302
38 261 313
120 2 130
136 241 389
144 329 475
26 248 276
72 200 273
129 256 399
43 387 434
36 199 246
61 382 452
125 379 504
75 257 334
41 103 155
73 140 222
84 399 495
38 296 336
87 276 364
146 439 597
128 292 438
125 107 233
50 254 317
101 379 480
52 249 310
43 153 201
64 206 287
93 325 434
41 183 224
136 219 373
128 363 505
60 100 172
87 355 442
105 302 421
84 287 388
29 96 144
25 2 41
61 132 207
131 18 152
50 251 318
112 166 290
124 208 343
86 259 361
79 269 352
38 72 115
140 67 225
41 159 200
136 316 465
90 394 484
38 209 257
87 292 382
84 328 414
107 282 404
28 2 32
100 102 217
96 346 443
47 330 394
57 270 334
126 403 543
46 279 330
140 399 556
142 219 363
145 185 342
85 168 261
146 215 378
94 166 260
53 302 370
75 141 233
145 351 503
90 204 298
67 318 393
46 2 64
131 229 363
123 263 401
103 409 519
25 97 129
75 305 399
80 299 380
89 209 304
86 376 473
82 300 387
44 189 246
137 241 392
74 269 358
100 311 420
64 55 121
97 328 438
96 399 511
95 2 98
38 590 643
122 389 517
125 87 230
114 221 344
144 187 342
49 386 435
117 333 461
90 299 405
95 287 383
149 126 276
141 238 394
55 215 277
106 125 240
69 329 413
135 402 546
114 182 311
102 2 107
133 399 535
43 72 116
45 151 211
46 215 264
46 468 529
78 155 242
115 2 123
131 398 539
78 370 454
27 197 234
96 268 364
58 281 339
147 156 318
64 284 364
108 287 403
56 230 287
99 2 117
143 320 477
86 320 419
45 463 527
144 99 258
138 378 521
67 171 238
125 185 312
51 312 381
84 433 521
113 249 369
99 401 517
103 411 516
62 38 114
100 202 304
73 152 237
85 329 423
113 131 260
95 390 499
25 273 306
39 210 268
89 356 452
75 97 186
109 430 544
133 80 215
97 483 589
68 211 284
46 96 151
49 279 343
49 132 188
117 380 514
83 237 322
137 167 321
80 479 563
103 212 329
106 276 389
106 241 356
95 239 344
51 401 468
114 351 482
119 346 484
126 445 586
111 258 380
85 309 410
50 171 222
65 259 326
97 169 267
79 161 240
112 440 568
75 352 445
86 171 268
120 196 316
29 271 314
109 180 297
140 411 568
50 190 249
146 234 395
45 214 275
105 372 478
85 197 298
140 179 331
64 290 363
128 186 325
33 203 245
117 330 465
94 239 337
143 199 346
100 206 312
148 2 157
72 238 329
134 149 300
27 326 353
77 181 271
109 151 269
71 192 278
100 235 348