100
25 462 522
25 471 538
25 187 236
19 364 414
17 88 117
11 72 101
13 337 378
43 355 441
24 428 466
55 103 186
10 323 334
42 150 246
25 423 454
25 169 195
21 428 487
1 127 132
4 168 187
12 379 411
8 80 94
13 79 107
7 178 206
54 76 149
4 422 443
1 76 77
18 16 34
11 79 112
14 147 165
12 252 277
8 251 271
47 410 511
20 292 342
21 356 384
48 248 311
18 237 261
13 395 417
4 224 229
15 453 473
16 6 53
10 293 309
20 123 173
1 205 223
2 121 127
13 67 89
6 75 88
16 225 244
2 197 200
22 292 348
4 348 355
24 471 518
47 468 519
10 190 219
66 72 181
23 4 32
6 1 20
6 147 165
22 91 123
13 121 153
18 204 252
18 3 25
67 225 323
21 418 461
19 422 467
12 149 162
17 47 74
2 460 473
41 57 152
7 102 119
2 98 119
8 124 154
9 268 302
15 458 478
53 293 394
45 293 391
4 386 408
5 447 471
10 58 89
15 255 278
23 359 406
51 285 369
57 278 342
4 165 173
16 185 229
62 215 316
11 163 190
24 152 207
11 438 460
1 203 211
17 297 316
1 277 296
11 173 198
11 341 369
17 16 37
60 64 180
11 106 130
2 404 416
1 206 220
19 244 299
24 39 81
9 205 219
6 176 201