150
70 1274 1391
6 282 320
12 422 443
23 737 769
58 651 744
11 505 537
62 631 774
18 276 314
23 999 1024
5 848 873
14 1065 1121
19 1283 1342
70 85 252
29 87 165
19 205 242
68 557 643
59 156 291
20 647 701
36 354 435
22 1180 1225
35 1025 1112
20 503 539
25 538 564
38 393 474
70 376 517
26 891 961
28 921 987
85 718 899
35 627 667
23 320 373
35 170 244
57 970 1027
24 494 562
36 117 199
22 659 730
1 148 181
34 287 323
76 377 499
34 634 706
69 1213 1366
5 1047 1077
22 568 634
83 1046 1236
7 469 513
60 478 558
21 542 610
6 208 219
3 1142 1176
26 105 188
30 1015 1058
35 212 278
10 459 471
83 873 1064
98 886 1008
63 187 326
20 1161 1190
79 30 217
4 198 210
72 421 595
35 911 998
18 523 579
98 488 663
94 772 957
20 757 827
55 342 463
37 75 114
1 589 609
53 1202 1291
7 1139 1184
17 49 77
10 1006 1052
30 736 794
10 641 680
32 917 955
27 507 593
36 1192 1250
6 619 631
13 357 394
15 316 341
85 1079 1243
89 317 527
27 434 462
3 1113 1135
19 245 293
81 83 221
32 852 917
24 76 149
30 1226 1315
35 1221 1261
52 189 257
71 368 508
4 461 479
73 234 361
13 139 194
16 224 281
11 379 426
23 428 459
25 785 844
7 769 784
26 268 348
98 663 859
82 1295 1489
14 1068 1122
25 940 1005
1 553 565
36 437 527
8 888 915
2 1288 1304
10 1256 1287
11 1038 1071
14 45 81
27 1058 1114
20 1278 1315
9 692 737
23 427 463
2 589 623
34 1237 1303
16 1196 1226
33 80 136
29 224 298
18 200 237
22 367 403
18 6 64
18 1296 1363
35 236 276
24 901 927
33 200 252
51 569 669
36 812 882
1 212 240
34 71 133
33 787 827
72 974 1084
19 827 854
4 245 279
3 296 308
7 313 358
99 494 696
36 33 105
95 974 1145
64 793 921
14 833 877
36 22 86
93 1245 1442
90 530 709
81 120 222
34 1022 1099
34 928 968
31 1183 1248
63 140 214