200
21 1082 1158
84 923 1114
34 237 290
11 458 471
28 725 792
46 714 828
34 670 705
32 451 506
14 1536 1566
30 512 598
106 671 830
117 2008 2133
120 1264 1527
16 362 397
94 98 280
8 1680 1722
42 1100 1185
27 1367 1413
21 429 470
29 1096 1142
102 912 1137
28 132 175
14 164 218
21 933 964
113 1398 1636
4 250 290
92 145 339
45 925 970
16 1514 1553
78 514 601
29 1038 1117
107 1378 1519
32 835 913
10 684 721
33 1463 1553
22 492 531
14 295 313
39 875 945
34 988 1082
96 340 489
3 2048 2055
8 537 556
35 1730 1828
35 766 824
21 1899 1957
25 1818 1849
38 1744 1788
34 148 187
32 75 114
109 936 1114
47 1541 1624
30 1562 1625
22 864 903
41 399 478
23 597 632
42 1274 1376
77 267 452
48 1995 2086
16 1669 1723
49 1687 1737
42 46 99
10 526 584
11 1591 1635
33 1080 1126
22 88 136
6 1585 1625
28 419 478
2 2050 2067
48 1197 1279
112 6 228
114 1585 1836
8 1431 1463
4 1039 1069
6 1155 1201
113 503 720
125 1465 1713
45 978 1084
18 1161 1202
22 1442 1523
39 961 1015
48 657 756
45 520 580
50 591 729
72 1914 1992
30 1801 1857
41 1720 1812
32 233 335
124 912 1105
2 199 204
8 1623 1637
129 1943 2120
47 416 548
40 1809 1886
12 1381 1412
38 431 520
19 1438 1483
71 1014 1141
29 1214 1279
50 70 178
15 194 243
38 1779 1880
12 1077 1135
39 1919 2027
72 1222 1368
48 1742 1855
17 850 875
44 1641 1718
42 547 609
1 1009 1029
35 1078 1119
129 1227 1386
17 2037 2081
41 957 1032
42 1514 1595
10 1657 1708
33 5 105
25 132 198
4 462 493
4 1732 1752
14 89 132
32 498 586
4 1331 1345
30 541 640
106 332 515
48 1291 1378
23 1350 1426
25 720 748
45 964 1073
26 1890 1920
13 616 644
31 1644 1678
12 1553 1609
8 660 685
29 26 56
36 1753 1805
118 641 825
13 1547 1605
50 1416 1511
4 1771 1817
109 1872 2095
29 657 718
29 1520 1553
30 1383 1471
15 428 444
17 1512 1582
2 351 365
15 1024 1084
22 954 979
11 768 830
36 473 549
117 1883 2053
30 272 343
117 720 871
43 489 592
6 1434 1467
101 1818 1957
14 1374 1429
9 2031 2065
50 1919 1987
8 1418 1456
44 1286 1404
42 1978 2045
12 445 508
16 1692 1720
25 739 803
86 306 513
25 964 1012
126 1804 1953
31 48 80
18 1860 1885
41 1921 2038
42 364 474
19 919 973
33 1579 1657
44 436 521
45 691 787
105 1019 1205
11 1003 1059
47 1282 1407
34 1057 1110
21 590 630
33 699 788
23 1782 1860
4 222 256
69 606 739
22 1742 1813
50 648 757
25 402 488
30 1098 1130
1 46 60
105 1547 1666
16 1928 1952
76 122 202
50 620 708
97 290 467
116 1643 1830
70 1148 1306
106 506 618
9 1865 1913
42 7 69