250
105 1334 1518
2 2243 2249
46 1893 2004
127 125 368
60 2686 2819
8 1497 1517
23 696 727
121 1897 2087
129 2230 2483
40 739 871
31 586 621
7 1179 1240
20 987 1045
15 3208 3226
5 49 98
89 752 905
14 1836 1853
5 1048 1077
91 944 1053
60 1176 1238
15 1148 1164
3 1037 1057
16 701 739
127 101 360
85 1099 1190
147 171 381
40 1054 1149
11 1237 1280
131 1439 1591
96 1252 1398
42 2356 2450
63 100 231
51 1573 1658
33 1414 1456
19 972 999
41 2251 2322
60 2043 2120
58 954 1091
127 2302 2578
12 1345 1381
46 1318 1421
39 1012 1084
29 762 799
105 457 654
50 1008 1078
124 477 741
35 2797 2837
6 202 231
33 2203 2239
122 2377 2503
37 1300 1372
13 2159 2186
2 1608 1646
1 2715 2747
118 1635 1771
14 1255 1306
163 657 822
56 403 508
54 443 565
27 2613 2675
19 1147 1189
36 1172 1279
11 2492 2545
6 117 168
118 2391 2537
31 1214 1327
128 3163 3408
1 336 360
11 2375 2389
52 2910 3048
32 1259 1347
127 2304 2534
47 2548 2619
3 243 286
91 930 1125
136 3064 3231
4 1334 1350
10 447 515
91 895 1053
60 2807 2955
21 1562 1601
137 3112 3400
57 1269 1348
133 788 948
151 2367 2720
22 2477 2522
22 1261 1321
155 279 484
48 1370 1503
43 25 115
123 1004 1252
46 3160 3259
50 278 416
30 543 584
16 2917 2987
22 2234 2285
152 1110 1435
27 620 684
48 1477 1604
19 555 643
161 1212 1383
7 2896 2953
62 552 623
3 319 335
28 667 697
94 3225 3441
40 683 735
138 2619 2806
8 128 186
25 2118 2161
27 838 899
85 1224 1414
15 868 884
151 1983 2272
14 887 912
32 1835 1932
128 1811 2095
2 1934 1960
29 1987 2025
51 552 668
150 1344 1643
2 2855 2877
22 3347 3385
19 3008 3073
94 2857 3089
2 898 922
92 3090 3214
50 932 1019
26 861 909
12 1485 1503
48 2060 2162
37 1449 1519
60 163 251
31 2865 2930
14 1102 1139
50 863 991
156 2963 3218
42 328 422
39 2647 2696
29 1941 2019
143 1999 2259
60 2269 2441
37 1783 1833
17 1408 1466
14 603 644
28 2505 2542
62 850 946
53 972 1100
140 496 802
33 1015 1117
47 2793 2850
47 997 1069
5 1126 1174
36 2112 2197
50 555 606
154 928 1102
127 3062 3267
119 1998 2257
45 2860 2993
101 3078 3286
166 3302 3566
4 792 844
48 618 681
118 2562 2834
36 184 262
27 1635 1698
155 401 653
19 2043 2093
50 328 450
54 3003 3084
23 465 529
21 2487 2518
59 2709 2784
62 3190 3319
16 1361 1413
6 2944 2994
58 1232 1294
51 414 467
15 521 587
46 706 832
107 1143 1389
63 3163 3274
40 135 215
166 1270 1520
60 2700 2761
94 1534 1647
56 2669 2765
38 2521 2577
61 608 673
48 924 994
21 2926 2958
38 1889 1935
55 59 195
63 312 435
43 169 229
61 3081 3198
21 27 73
37 1080 1152
107 2066 2213
34 2246 2325
27 2019 2083
31 540 623
26 370 472
20 2899 2954
27 1645 1739
100 122 229
115 1425 1557
20 875 903
28 1838 1893
22 601 646
35 2293 2402
13 2638 2682
57 2906 3050
61 1947 2027
10 1425 1497
22 942 1019
31 390 457
22 2906 2982
60 2555 2661
98 925 1062
47 1288 1434
22 728 781
59 9 75
44 1968 2068
56 37 132
17 2687 2754
44 1026 1075
43 3200 3307
140 159 310
23 2307 2378
4 2371 2430
84 2136 2271
115 894 1052
47 485 609
59 612 775
53 460 605
18 2272 2356
45 557 608
45 1303 1364
20 1170 1208
109 1487 1754
19 2549 2593
62 1946 2016
32 275 358
26 2282 2386
126 2185 2479
52 2903 2975
4 2231 2263
1 2973 3023
6 1695 1711