300
62 1455 1537
25 1356 1433
33 590 663
41 1122 1251
56 668 798
19 3158 3231
46 3486 3576
50 2293 2362
197 1637 1835
31 2796 2873
22 483 538
24 375 437
57 2386 2460
66 1106 1277
35 3397 3499
64 4289 4360
141 2006 2195
36 1514 1575
176 1686 1885
24 2525 2605
53 3009 3135
70 2955 3054
65 193 324
37 1480 1519
106 1232 1488
11 1147 1201
182 2541 2839
38 3423 3473
162 1933 2123
22 1874 1962
196 3064 3307
181 2584 2910
26 1214 1292
127 2839 3137
13 1303 1377
75 4146 4238
34 114 198
70 272 473
6 2855 2864
41 1451 1551
52 2967 3085
55 2552 2695
16 3538 3590
43 1800 1843
72 1405 1604
69 3330 3526
54 2372 2436
61 2183 2247
189 2965 3206
24 3144 3238
21 706 773
68 812 990
8 3245 3303
154 3951 4314
5 130 195
45 2691 2757
137 1741 1921
111 4520 4722
6 933 957
32 3766 3890
57 1275 1395
53 2468 2580
58 2397 2511
49 1775 1914
27 817 848
49 928 984
130 999 1179
155 2185 2527
23 4182 4210
11 827 858
179 1243 1589
1 1114 1154
44 4152 4278
6 2675 2688
122 1767 1968
121 1171 1336
42 1871 1942
34 2229 2279
179 300 481
43 1710 1780
197 4215 4417
46 4151 4206
4 1069 1095
12 3038 3053
10 1210 1253
69 1195 1325
27 1599 1703
36 2996 3053
191 1862 2097
3 4684 4732
60 520 631
74 3248 3433
39 2988 3074
1 4331 4388
23 3078 3151
46 312 380
41 2652 2710
25 1172 1270
127 1691 2006
30 2126 2191
56 2223 2339
30 4596 4709
35 2835 2904
71 1431 1519
44 1290 1389
10 537 595
9 4311 4388
2 3858 3881
35 379 508
5 3110 3120
57 1943 2099
46 1070 1159
63 3558 3741
21 3752 3809
62 3472 3540
12 3207 3280
56 3804 3906
67 839 1005
40 1550 1637
60 913 983
53 3150 3264
49 1492 1646
109 1553 1794
153 922 1126
7 1748 1821
4 909 921
140 2015 2244
195 314 616
50 4648 4799
153 3635 3799
15 2762 2804
53 1703 1798
60 1066 1179
64 2786 2954
74 600 757
110 2993 3107
20 1394 1425
68 3180 3372
153 2529 2808
168 3609 3847
57 121 243
44 2932 3019
33 846 881
12 1591 1608
44 2529 2677
142 1628 1818
60 1492 1658
4 2556 2574
127 3426 3696
68 3945 4016
58 864 937
11 2807 2869
6 2703 2727
57 985 1132
8 3107 3136
59 1610 1723
50 60 221
58 872 1019
73 1283 1460
151 2322 2681
12 279 303
163 2903 3232
5 2641 2646
50 2173 2262
9 3479 3512
34 592 630
64 3332 3488
10 318 378
75 3318 3423
56 2740 2878
69 744 826
30 3640 3677
10 1683 1732
61 1988 2158
70 2899 3010
191 3023 3268
70 678 826
13 2642 2682
53 434 513
32 1351 1444
17 528 611
2 988 998
9 3343 3361
37 2796 2881
63 1353 1488
109 2710 2819
70 615 747
22 980 1053
34 68 156
20 2077 2158
30 3408 3472
176 1590 1782
75 2125 2292
65 3453 3583
146 1840 2152
190 2593 2881
57 2665 2752
26 1824 1906
138 2883 3109
58 1268 1357
69 2916 3042
52 2477 2568
146 870 1113
139 259 511
168 3046 3235
52 415 524
63 2775 2848
65 1063 1192
196 54 295
64 2470 2569
199 951 1209
142 920 1260
14 2161 2236
49 920 1057
39 2804 2918
7 2848 2863
4 2659 2728
34 1748 1830
196 1237 1626
180 1924 2147
30 2547 2650
101 4477 4728
160 1156 1411
42 2452 2570
66 2937 3010
5 578 593
157 928 1104
193 3302 3721
67 3137 3258
20 715 778
6 4462 4500
69 454 556
49 4267 4333
29 2416 2455
46 2412 2543
112 2721 2941
64 594 745
35 3925 4039
33 4016 4111
56 3743 3882
65 4194 4307
44 960 1076
12 51 65
66 613 762
66 2109 2221
8 2108 2140
17 4179 4256
70 1887 2083
75 2017 2155
42 3069 3179
63 4003 4160
29 200 231
70 727 809
8 915 972
71 1662 1751
28 476 516
130 1670 1923
18 1934 2027
41 535 631
136 2438 2578
182 3322 3676
28 774 839
61 2063 2146
22 3809 3897
38 1269 1398
26 3049 3116
1 1455 1514
178 2936 3196
197 4490 4900
129 2930 3229
27 4667 4697
41 1129 1253
3 2757 2813
51 444 571
49 1761 1860
53 836 935
50 4454 4589
26 2543 2596
73 4660 4738
45 960 1109
154 19 300
35 1451 1535
13 1831 1864
18 1260 1327
2 2851 2911
18 2711 2730
43 4546 4685
61 3568 3634
118 3480 3734
16 1277 1300
43 3371 3507
13 1665 1693
13 54 73
29 2888 2963
24 2023 2130
158 2555 2821
34 2214 2281
15 1630 1658
33 878 973
47 1048 1131