350
154 2414 2714
205 138 559
54 581 665
44 2017 2156
85 1716 1811
76 828 926
16 923 1011
208 18 349
76 5427 5521
36 518 562
144 2323 2516
19 1232 1335
41 634 680
67 1099 1173
9 5840 5897
189 2039 2394
11 353 383
86 358 546
143 1452 1641
49 1536 1696
60 1182 1343
55 1237 1323
232 3945 4380
6 2004 2080
224 375 830
61 3136 3206
12 1387 1475
183 255 587
46 5008 5070
43 3155 3292
32 1960 2000
18 4221 4289
53 1043 1199
86 4952 5108
61 35 104
167 4081 4386
36 1052 1145
137 845 1071
62 467 533
171 1567 1792
35 4757 4810
60 3008 3168
61 5315 5441
118 969 1139
67 4749 4872
70 1629 1793
24 1982 2079
30 3040 3167
41 3142 3238
24 1013 1110
62 2542 2661
39 515 661
47 347 484
82 1605 1790
28 1032 1127
35 3173 3291
2 3671 3698
50 3330 3394
19 4774 4849
72 1885 2089
39 2393 2505
20 4514 4589
186 4640 5080
154 3544 3736
144 5994 6253
46 6049 6203
190 5856 6059
82 1397 1529
81 200 355
51 1399 1529
29 2039 2149
5 520 531
13 5940 5965
229 1364 1728
175 47 387
72 1385 1493
69 5096 5174
84 1882 2097
21 5278 5339
58 2696 2766
40 537 628
24 3472 3517
24 2652 2742
127 1380 1577
34 785 897
36 1177 1289
81 3007 3202
42 4306 4348
60 2255 2340
200 5842 6264
81 35 188
80 820 905
76 5183 5369
16 3628 3710
23 871 944
46 4708 4805
62 5117 5254
60 966 1094
69 2902 2978
136 478 691
55 4268 4357
10 3820 3858
49 1721 1816
132 223 370
38 985 1068
61 5223 5287
43 627 745
169 1196 1505
84 1652 1863
83 3874 4046
3 1266 1307
27 5676 5758
139 5070 5231
48 817 922
37 104 244
32 1139 1203
15 3636 3676
55 944 1052
187 1034 1473
225 1199 1546
57 531 609
87 1488 1581
56 2356 2499
31 439 476
51 5291 5408
60 2227 2370
38 3799 3900
139 2803 2966
10 877 895
122 835 1075
36 886 971
81 5024 5157
77 2136 2339
133 2454 2617
32 4115 4224
85 5302 5478
27 2639 2717
64 2969 3131
40 2984 3032
140 4395 4632
10 2843 2898
43 856 985
176 2269 2534
72 3611 3823
65 2924 3067
21 5746 5810
124 1596 1793
48 1987 2048
86 2005 2099
21 942 978
44 4962 5090
69 1093 1224
9 1132 1207
3 798 860
71 4796 4981
138 5447 5708
76 3080 3289
36 1273 1335
86 2419 2635
118 2392 2659
82 2069 2255
135 3633 3941
40 1516 1647
66 1603 1682
70 1399 1567
63 1144 1334
45 3886 4014
12 5279 5321
63 3422 3544
77 2700 2867
20 1257 1329
47 6040 6118
58 967 1110
2 1502 1548
30 409 456
26 5802 5852
16 1024 1122
79 5757 5866
28 1865 1930
76 1421 1602
33 1589 1690
70 628 801
14 2368 2420
4 365 401
3 2853 2916
25 1247 1344
36 595 715
26 3326 3431
46 1239 1295
121 960 1144
32 4317 4438
10 1124 1135
4 1406 1457
66 594 750
17 656 711
36 521 614
201 1716 1921
48 2963 3104
85 2054 2212
221 1220 1622
39 209 259
55 1531 1700
52 4175 4301
29 446 546
125 4963 5207
195 3646 3955
87 375 499
146 320 602
71 2450 2652
58 1845 1946
43 6098 6236
143 2221 2519
200 56 507
61 573 697
48 1592 1663
65 4771 4906
23 646 736
69 3637 3734
79 1638 1813
30 5390 5435
209 2618 2877
45 713 811
140 5070 5350
38 2 133
45 100 229
85 2472 2707
49 4716 4818
10 5222 5238
139 2999 3184
29 2025 2107
78 3916 4015
74 3566 3692
7 2419 2438
35 1880 1974
205 2292 2606
167 3589 3962
34 1521 1597
67 4257 4429
218 873 1126
37 1001 1103
11 325 364
76 306 407
58 1401 1475
77 299 472
61 1638 1769
13 673 747
55 4987 5070
44 912 1026
79 2010 2235
86 3905 4015
1 5772 5831
51 3753 3894
46 252 334
24 1263 1287
71 2560 2760
170 1211 1576
75 5686 5890
48 5086 5173
41 3908 4017
186 4090 4365
12 5419 5506
68 1941 2144
73 4930 5029
53 3705 3830
34 1317 1397
38 5444 5563
46 754 837
12 105 158
141 2066 2352
133 1611 1887
42 1034 1097
29 2623 2677
13 218 240
172 696 1089
68 1616 1772
31 5041 5142
24 2442 2530
47 4109 4261
32 5066 5142
10 1149 1199
1 2412 2441
79 1318 1477
17 5009 5085
27 4098 4147
83 3622 3768
143 2476 2658
52 5166 5335
46 4265 4374
45 1433 1591
23 1364 1405
85 5104 5255
39 1055 1180
8 1209 1253
27 5456 5529
201 2762 3037
35 2398 2488
186 617 902
69 5010 5166
156 2915 3157
44 4483 4565
182 16 351
45 1404 1525
6 2100 2111
198 1147 1359
21 1980 2085
20 5703 5781
82 432 532
54 2683 2854
68 5142 5215
60 3120 3299
7 4745 4755
38 862 1004
63 1669 1754
146 541 802
124 1806 2023
69 1098 1278
77 4203 4325
9 1570 1601
74 1066 1225
65 1671 1850
2 1509 1553
74 5925 6079
20 5195 5287
165 1377 1607
66 1317 1440
47 2404 2474
34 1526 1612
75 3759 3885
217 4433 4867
62 740 927
33 2146 2266
72 5893 5986
81 5237 5408
86 375 608
78 5736 5905
72 4080 4261
71 1429 1578
74 3083 3279
38 2084 2150
75 1121 1213
80 4380 4591
157 1422 1701
34 3121 3237
147 4707 4964
71 3951 4143
71 1281 1423
72 877 1076
60 2995 3135
83 1820 1950
14 2995 3077