400
62 5635 5764
62 4095 4207
7 7800 7837
40 5379 5495
210 5580 5841
68 5969 6043
57 975 1106
60 1320 1405
47 3764 3811
58 4898 5054
135 5390 5699
257 6753 7243
46 3824 3960
71 586 744
79 2386 2529
211 1139 1350
192 6132 6407
51 7714 7783
14 2932 2956
72 3618 3838
89 6008 6098
62 883 999
95 829 1078
23 5545 5614
8 527 569
42 5815 5940
256 3231 3717
18 6915 7011
100 3148 3422
7 3245 3264
1 518 562
5 5381 5409
4 3957 3962
31 4150 4284
12 3759 3858
228 3654 3979
90 5832 5986
4 3722 3778
235 3613 3902
86 6872 7018
10 596 644
51 691 776
35 3469 3573
261 2002 2442
261 7255 7534
234 2406 2645
63 5259 5431
89 5543 5763
34 3644 3717
97 5661 5803
12 2442 2535
36 7762 7866
19 4631 4705
176 4747 4957
24 6034 6149
15 6220 6319
65 3519 3669
173 351 695
20 2559 2596
9 5975 6010
161 5235 5585
64 3409 3593
47 845 934
72 7190 7305
61 7182 7327
162 7557 7870
67 1010 1121
57 4983 5076
80 716 797
72 6203 6422
136 1616 1774
85 5866 6100
5 4766 4817
82 3283 3380
57 1198 1303
54 3693 3774
92 7953 8195
20 3611 3648
5 3655 3732
8 1377 1425
19 2754 2788
69 5615 5817
74 104 234
15 4920 5011
13 4450 4472
22 6958 7025
99 2201 2389
13 2281 2308
252 847 1402
4 4856 4883
16 1247 1275
232 1086 1510
223 4018 4439
92 1599 1813
72 1796 1903
181 6630 6996
98 2619 2823
55 5292 5376
37 4090 4214
204 5991 6394
239 2402 2814
60 3528 3725
50 2113 2183
40 3536 3612
163 2621 2808
75 6533 6708
63 2666 2729
169 1604 1978
13 5863 5955
4 6411 6440
57 1184 1244
52 4436 4523
4 7279 7301
2 6363 6408
9 1608 1634
13 4647 4671
230 3428 3793
202 7485 7878
8 7852 7865
62 5748 5825
37 7656 7785
52 515 590
16 439 462
173 7241 7589
191 5713 6163
48 5787 5957
68 6086 6220
56 5799 5865
90 2403 2644
162 3949 4290
72 3458 3563
97 4585 4748
20 2835 2862
35 5521 5610
198 2252 2722
65 2299 2475
84 5340 5531
66 3530 3738
29 6077 6212
87 3176 3293
12 5282 5322
8 74 82
59 7857 8024
38 3120 3244
180 4909 5265
78 5923 6016
170 6758 7045
6 1392 1444
86 3879 4075
29 1433 1548
3 6948 6985
9 1245 1311
52 6582 6728
42 514 629
60 3586 3728
81 7948 8046
80 4508 4626
60 2692 2869
29 6444 6502
30 3980 4013
34 2546 2602
34 1164 1266
31 67 196
19 63 127
46 6506 6588
55 762 854
162 5577 5931
199 1758 2190
81 7971 8091
78 2980 3166
180 3743 4064
246 749 1022
59 6670 6817
40 1319 1379
72 7315 7507
244 7593 7883
26 88 173
40 1545 1634
196 1273 1624
90 7269 7511
37 4277 4337
253 3622 3960
73 6237 6386
9 3350 3374
6 5089 5168
61 888 963
85 59 158
190 4375 4827
83 7132 7346
76 6942 7132
49 2001 2151
16 5829 5873
96 7506 7664
8 1994 2078
86 5368 5471
64 744 875
5 5873 5917
2 5732 5746
81 5651 5868
8 6891 6912
155 5821 6033
48 4629 4734
75 6668 6767
94 4324 4426
24 6645 6713
250 6294 6695
35 5984 6113
30 624 715
25 5255 5310
43 6094 6211
71 5949 6161
48 2905 3079
29 7447 7577
36 7621 7686
86 2479 2700
21 7442 7557
36 2708 2820
258 5093 5493
14 6106 6197
180 7165 7380
232 91 359
196 3723 4128
40 6477 6532
3 4998 5063
50 5611 5688
33 2536 2642
82 346 548
64 522 724
26 5937 5977
33 7472 7597
66 2436 2509
23 3475 3589
100 2644 2791
16 7456 7530
34 3581 3678
66 606 715
71 6175 6293
43 5833 5965
134 307 450
89 3127 3356
42 1013 1077
48 7094 7188
152 2924 3112
77 2974 3180
46 4184 4340
100 2136 2284
12 7029 7046
78 6083 6208
97 7417 7602
161 7630 7940
92 7515 7752
67 3665 3773
67 7011 7179
14 6125 6210
92 7228 7379
51 512 679
87 1834 1935
30 6313 6398
90 1060 1162
54 2310 2395
207 7861 8171
24 4546 4586
82 2293 2467
6 7241 7282
35 2450 2549
2 1478 1532
90 1899 2025
81 2159 2245
221 2391 2804
3 2402 2437
8 1317 1350
2 432 473
148 541 720
11 7681 7718
75 1215 1293
45 7045 7100
235 6018 6524
93 3778 4031
171 4872 5268
40 5403 5555
49 2874 2926
26 2226 2322
49 566 646
49 7075 7236
78 6718 6810
22 5989 6100
260 6199 6639
48 4965 5079
229 1398 1639
98 7887 8012
62 1295 1471
244 2221 2659
39 775 815
46 7035 7160
60 1601 1792
211 6527 6988
21 1312 1432
38 522 563
29 3154 3208
82 6440 6631
67 4968 5123
220 1794 2213
158 1872 2079
238 7822 8371
59 1001 1172
91 2034 2155
233 3953 4437
64 7776 7881
20 4254 4300
34 7907 7979
266 3780 4102
55 524 685
48 5761 5837
240 6421 6926
23 231 334
253 7302 7831
166 6966 7177
9 6677 6719
56 3545 3699
61 3560 3739
96 1595 1825
52 1052 1130
63 5334 5530
80 5841 6012
15 2736 2794
225 3773 4205
149 3138 3359
84 3239 3456
62 3754 3902
67 1261 1458
194 2987 3236
51 3994 4045
58 3354 3515
160 4939 5306
63 1230 1298
53 4993 5121
27 8002 8034
38 60 200
12 187 207
2 7298 7350
209 2742 2976
194 5022 5218
135 1537 1770
75 135 217
39 248 322
85 4216 4315
46 7398 7548
157 3725 4073
18 3478 3539
27 6688 6718
72 5818 6039
228 3257 3601
31 83 219
87 3409 3594
202 3378 3692
83 3653 3809
21 3387 3461
55 3306 3478
238 7890 8423
66 4658 4804
67 6360 6435
7 7793 7864
146 7536 7684
38 3032 3138
85 7737 7984
59 7905 8007
94 5049 5306
43 1597 1705
26 2834 2895
18 2254 2312
9 5848 5872
215 828 1207
88 1494 1747
50 5334 5469
5 2330 2361
55 1918 1975
236 3529 3954
260 3422 3821
53 687 769
33 5192 5335
76 4518 4738
18 7848 7890
34 1398 1483
55 12 96
54 2518 2623
160 7218 7437
85 4318 4538
37 3802 3868
96 4913 5044
73 1124 1348
64 6859 6983
24 7059 7100
30 5974 6082
100 7064 7285
153 666 911
8 4853 4901
26 8078 8151
78 1891 1970
211 812 1218
83 4468 4655