450
97 1091 1222
213 5244 5678
92 791 918
177 4465 4847
89 8178 8378
12 8102 8120
82 1872 1992
92 4793 4890
79 5394 5571
76 3306 3392
95 4834 5106
298 2555 3119
48 1336 1487
5 3909 4007
33 5561 5609
18 7363 7396
35 4034 4167
94 2191 2431
17 6778 6819
13 2749 2762
93 1777 2052
41 7733 7900
65 3128 3325
109 4221 4389
77 2959 3095
85 6739 6846
6 5962 6027
104 6424 6544
88 7200 7330
32 4622 4722
109 6688 6993
63 8077 8194
72 5289 5470
77 6730 6880
100 2870 3062
77 4351 4501
95 3078 3313
87 935 1072
8 2318 2393
178 4285 4513
101 3023 3148
4 1749 1817
69 6460 6573
90 3867 4087
178 4042 4317
78 6707 6885
54 2950 3018
15 5149 5254
27 2546 2673
297 6594 7248
79 1552 1704
110 3819 4004
45 6159 6206
29 6755 6840
46 3992 4119
112 2850 2993
60 2004 2188
69 4459 4540
91 7363 7515
63 7395 7512
42 5788 5871
83 2436 2559
48 5499 5608
30 1221 1369
101 2472 2703
51 3546 3699
56 5980 6162
10 7305 7392
225 3064 3597
172 1185 1443
43 2607 2680
57 3493 3691
105 3760 3960
171 483 698
59 2939 3064
107 668 806
58 6411 6481
268 2978 3516
47 1566 1620
19 5159 5194
60 1250 1402
77 6216 6428
263 6907 7294
47 814 961
97 5311 5451
79 107 279
40 4025 4161
113 147 433
30 131 248
277 3289 3879
95 2191 2347
199 5062 5542
37 1437 1532
47 6653 6797
85 542 631
94 310 485
81 6090 6234
175 6544 6753
83 4194 4318
90 385 573
93 8049 8251
298 2967 3560
51 6063 6208
61 2692 2762
182 639 1045
36 6071 6198
41 1210 1373
41 6959 7112
39 1254 1392
66 8149 8237
47 6330 6424
85 2868 2987
104 7578 7819
67 5381 5590
71 3731 3958
182 3960 4311
219 3371 3882
53 1999 2084
184 3606 4037
18 5219 5324
55 4837 4982
40 7356 7399
38 4679 4757
38 7925 8051
243 3468 3882
90 7739 7985
75 6082 6209
225 5554 5916
48 1179 1315
184 5325 5579
74 6179 6287
214 601 941
248 1818 2277
81 7818 8011
37 1926 1976
5 3434 3489
105 7431 7652
168 3827 4206
59 6417 6517
38 1159 1255
3 6212 6287
65 4110 4230
22 8084 8135
16 3221 3260
74 549 685
198 3546 3913
63 3892 3997
177 4282 4619
70 4732 4925
290 1298 1889
72 5415 5517
68 3876 3997
66 3396 3483
79 7737 7855
6 2693 2703
105 5281 5483
89 5076 5275
42 3583 3678
50 5921 6062
40 2061 2142
9 1699 1719
100 1010 1164
82 2425 2624
21 5762 5886
47 1182 1291
9 125 148
91 6319 6590
295 362 797
75 1296 1449
155 6969 7358
36 5532 5668
293 8020 8631
56 6416 6545
73 4751 4851
9 8167 8195
109 4252 4416
53 4493 4575
57 3497 3688
5 1078 1168
104 6375 6599
68 5854 6073
55 2485 2545
26 6247 6338
55 7784 7842
41 3819 3987
67 7024 7182
110 6883 7044
43 8189 8353
203 7902 8324
69 7693 7905
28 2550 2647
242 790 1227
112 1388 1651
63 6243 6310
242 6205 6487
98 2671 2861
86 6824 7085
5 4465 4564
103 4901 5110
98 5782 5899
47 4710 4854
48 7466 7593
15 117 233
202 330 787
104 3635 3889
53 6809 6957
267 2029 2595
77 5276 5474
47 7131 7232
44 3156 3301
36 3571 3641
50 3824 3890
50 3449 3593
223 1082 1386
48 5200 5336
66 5313 5422
43 2082 2215
108 2947 3066
28 1532 1666
45 313 385
55 5653 5708
22 37 73
21 763 789
63 5793 5953
8 6530 6630
77 4225 4429
68 4427 4596
253 8081 8669
85 3296 3491
72 3688 3788
52 2016 2109
101 512 747
108 3537 3671
91 616 828
85 6324 6553
68 5402 5619
68 8088 8229
13 6256 6347
91 3807 3950
65 6887 7003
48 538 643
19 3774 3807
99 1479 1664
17 3784 3887
88 2681 2793
60 36 220
66 3677 3867
186 2496 2806
188 6709 7149
17 4757 4831
95 1897 2175
10 3465 3520
59 481 646
239 778 1035
108 7657 7898
6 6015 6101
17 3180 3262
34 6062 6208
84 6779 7006
50 3164 3294
47 8177 8277
22 4453 4568
54 4316 4410
90 7611 7719
14 4381 4435
258 1430 1896
289 5749 6236
96 6774 7002
79 5671 5845
100 6484 6584
79 5367 5575
29 2766 2846
61 5715 5842
102 1735 1874
268 7690 7964
6 2401 2454
52 774 890
68 1524 1633
67 5382 5467
44 6649 6758
178 5996 6412
52 456 630
231 5060 5340
108 3870 4159
23 2991 3073
55 4734 4872
77 8058 8180
102 8067 8310
88 6327 6430
23 1612 1648
35 4776 4883
59 7232 7401
297 6533 7054
287 4457 5049
87 4369 4521
174 2263 2634
75 1811 2048
55 3670 3770
70 2769 2982
19 1552 1674
111 7117 7418
158 1928 2101
108 881 1139
2 4259 4294
78 7057 7177
68 4946 5091
100 535 733
261 1197 1716
106 3403 3589
75 6956 7161
71 8134 8300
4 1789 1863
38 787 940
5 5949 6025
77 6312 6443
34 1322 1444
73 7654 7800
298 5954 6377
79 5481 5620
69 3455 3574
217 2539 2794
189 445 850
176 4523 4832
41 4016 4114
167 70 378
87 630 818
62 5243 5345
102 1895 2120
88 2941 3189
94 4425 4589
3 8163 8249
98 411 632
109 7025 7302
9 2638 2744
34 3204 3285
34 7609 7718
236 1502 1916
228 66 366
28 5704 5734
5 7069 7104
71 114 250
80 590 761
14 3863 3886
53 5982 6040
83 4467 4668
95 7703 7876
97 7341 7538
72 992 1095
213 1010 1428
15 5914 5935
13 5744 5799
274 1347 1904
211 7315 7679
11 7268 7330
88 2144 2336
41 7197 7356
26 7133 7264
16 5518 5607
29 4115 4221
300 637 973
77 2853 2935
101 4114 4369
53 6339 6436
77 3015 3237
87 255 440
98 1511 1683
6 2924 2938
84 2145 2307
52 6723 6780
220 1655 2114
41 6134 6240
260 7717 8128
239 5285 5717
36 6877 6971
161 3188 3436
56 5805 5890
60 2006 2146
63 3703 3880
187 8047 8321
160 5232 5510
55 2621 2685
3 5318 5370
71 584 803
209 4004 4284
268 7736 8190
12 5537 5649
92 159 257
36 3066 3141
112 5366 5481
93 6324 6495
32 466 609
300 2090 2468
84 982 1228
66 6482 6695
19 4493 4528
31 6216 6295
44 6497 6589
10 7063 7123
289 1123 1757
49 3054 3166
27 3787 3822
98 3029 3201
32 7548 7700
245 4404 4864
9 782 875
75 347 508
258 2645 3097
29 5502 5591
264 7302 7912
14 3456 3507
89 6536 6630
194 5390 5823
105 7728 7864
82 4105 4314
111 428 669
108 6769 6884
96 3429 3598
205 6615 6870
105 7491 7653
69 7865 7964
247 5433 5920
44 5865 5968
29 4276 4350
6 2946 2977
43 1112 1203
98 2220 2441
49 8026 8121
204 4047 4275
105 4735 4937
92 2462 2676
27 1186 1298
23 2225 2300
93 2688 2901
64 829 960
78 5684 5869
39 3775 3854
79 1494 1692
61 3912 4026
9 1077 1095
102 2402 2552
208 5838 6239
100 3412 3687
276 7312 7785
47 6379 6456
232 3637 4072
17 1445 1463
9 1621 1646
179 6270 6507
81 6564 6809
53 617 702