500
276 2914 3247
13 6381 6476
253 5073 5562
10 722 772
245 2070 2567
37 7565 7612
310 2315 2978
61 8163 8226
56 2159 2272
6 3180 3224
190 2301 2524
104 1391 1602
332 1655 2287
98 2529 2744
41 8009 8186
121 5794 5995
93 5741 5920
46 4068 4245
92 2533 2822
72 1516 1635
90 3078 3264
39 4677 4851
104 4234 4439
58 694 898
71 5450 5594
104 551 820
22 7728 7844
39 239 401
219 2031 2381
2 6614 6712
87 409 610
34 2915 3083
290 3670 4082
104 2532 2806
30 2544 2649
221 485 724
12 4365 4495
55 4254 4313
64 1142 1342
33 5189 5331
250 2531 3122
197 5321 5643
168 4159 4456
59 6941 7011
24 7566 7625
52 3253 3345
57 3326 3506
45 8042 8134
193 2274 2541
198 2719 3037
62 6625 6821
221 4591 5040
74 7826 8069
173 5983 6182
65 2435 2544
33 886 945
318 648 989
59 5228 5367
36 8162 8240
110 7892 8004
66 8136 8352
20 3627 3703
8 8051 8125
36 5572 5704
42 1511 1612
57 6035 6145
26 6712 6811
271 397 982
123 2832 2974
287 6170 6781
13 3059 3105
99 2177 2481
103 8086 8380
102 1271 1499
77 4704 4789
119 2367 2627
60 4125 4203
36 3765 3821
125 2179 2428
81 7376 7549
67 842 1015
311 7187 7805
68 6659 6793
79 4242 4365
100 4112 4366
110 6964 7183
72 5018 5137
79 2283 2532
84 6523 6733
6 546 636
109 1425 1535
24 3542 3624
10 3357 3467
124 1949 2111
55 7498 7610
238 4669 5242
35 4352 4520
107 3388 3639
58 2786 2965
110 5919 6123
10 7722 7759
252 993 1435
54 6108 6293
7 7050 7103
26 5300 5454
29 886 958
322 986 1555
262 6757 7042
99 1644 1811
90 7936 8178
14 3187 3214
21 1800 1895
2 1295 1330
16 3585 3678
228 5381 5814
38 2470 2590
19 4361 4435
63 5158 5379
23 5035 5159
100 3205 3366
64 5581 5789
87 76 273
306 6197 6706
70 6918 7069
103 4281 4474
18 3020 3142
113 4664 4861
234 896 1380
7 3979 3996
8 4897 4949
41 2857 3007
42 7403 7535
92 869 985
109 4311 4628
169 6538 6833
85 337 517
185 5477 5837
122 5066 5380
90 552 690
64 7714 7923
44 6598 6771
82 6587 6817
33 3174 3310
182 2883 3088
69 3737 3883
232 1837 2150
177 7840 8268
49 2558 2738
44 776 924
111 1432 1752
29 1933 1979
104 7350 7533
222 5160 5692
43 234 376
99 2505 2715
56 6261 6376
44 7269 7332
118 3418 3636
97 3672 3830
208 320 612
7 624 741
122 3716 4006
45 4935 5074
317 4675 5049
122 1226 1463
8 2269 2291
82 7000 7208
260 714 1293
44 3796 3974
102 5749 5954
53 5058 5175
191 2312 2599
278 5238 5704
109 2054 2369
189 5369 5768
96 2996 3240
47 341 537
117 2903 3190
73 5006 5104
207 875 1287
305 6294 6703
20 8170 8292
105 1565 1876
170 7410 7583
24 4662 4758
17 4865 4962
68 5448 5548
13 7478 7511
331 4843 5255
69 3050 3260
276 6851 7152
76 6189 6274
38 2971 3124
268 422 924
102 1141 1366
40 7034 7165
9 7524 7537
282 724 1092
41 160 224
116 7653 7972
44 3883 4045
94 2295 2438
297 2083 2517
82 5290 5503
115 4548 4796
309 3 429
93 3011 3187
290 8075 8725
111 8106 8387
21 6978 7045
79 6538 6756
114 3264 3409
282 5438 5900
38 128 299
113 7988 8273
55 1449 1660
6 3744 3821
117 656 884
296 7850 8208
77 1372 1576
108 2069 2256
105 5150 5457
52 6547 6748
260 2555 3109
81 3574 3827
109 3018 3252
33 2285 2394
246 481 1008
73 6461 6622
66 672 869
104 1468 1599
85 1429 1625
51 1428 1493
77 1492 1636
42 6085 6192
42 8088 8152
269 7676 8045
220 1238 1481
31 3936 4087
114 4860 4994
100 3332 3553
304 5296 5976
179 8013 8237
93 462 661
113 3466 3728
57 4538 4675
9 7083 7118
37 1102 1200
121 2322 2483
325 6299 6925
299 4843 5356
83 4599 4801
103 173 459
317 8087 8807
6 1507 1586
30 3419 3454
14 3434 3458
40 2354 2532
171 5098 5447
186 5066 5516
30 5470 5533
188 6434 6777
17 5 122
237 459 898
70 569 719
111 1165 1471
95 1058 1303
113 3429 3657
124 5735 5969
302 1694 2111
80 5992 6137
112 1848 2052
5 3532 3622
233 4706 5054
22 7314 7451
298 872 1537
259 1795 2193
74 2812 2892
29 7517 7625
26 6994 7076
46 564 689
73 6947 7053
34 2051 2196
102 2330 2604
117 4733 5069
267 5368 5696
117 5068 5381
25 3584 3715
67 3809 3888
37 4896 4942
83 422 515
83 1160 1384
190 8146 8488
101 1084 1185
264 7638 8097
20 3962 4025
61 5699 5844
49 6565 6635
12 6068 6168
83 1699 1934
119 2383 2554
7 640 751
68 5240 5384
249 4721 5209
40 1901 2038
69 3100 3213
33 4627 4769
51 5983 6085
77 6196 6302
48 4263 4440
6 7972 8070
319 553 1221
309 7090 7577
54 3371 3447
169 7406 7662
96 5592 5733
73 1103 1291
185 2018 2249
192 4200 4631
268 3226 3699
61 6214 6318
49 8150 8340
112 5978 6284
40 3181 3236
171 6050 6471
19 3792 3908
269 1673 2148
247 148 691
96 5086 5353
8 5789 5847
63 1526 1758
107 6372 6581
93 5631 5738
7 668 713
171 4135 4391
104 8153 8287
70 80 181
217 5790 6108
73 2441 2567
80 2181 2292
90 2215 2416
91 5149 5314
50 5337 5487
62 1347 1412
41 6196 6357
53 3764 3917
81 6564 6726
74 2113 2364
36 3566 3696
95 6392 6629
172 465 785
123 7901 8062
36 4226 4341
59 661 739
111 832 978
176 2250 2680
58 3290 3488
240 4288 4713
71 6776 6906
48 7179 7298
9 3634 3733
34 2551 2679
261 2912 3471
33 5818 5895
109 3263 3507
123 7700 7922
25 3345 3464
216 4003 4537
323 8160 8670
220 939 1445
1 5551 5633
37 1709 1872
215 4325 4609
307 5056 5764
118 2904 3095
89 1554 1672
113 7013 7160
88 7360 7574
9 3873 3939
67 5480 5568
64 6179 6359
21 5596 5743
22 1826 1920
70 3962 4172
1 8063 8132
6 2977 3032
104 7315 7464
256 7153 7738
89 129 266
93 3823 4102
52 4860 4969
333 7632 8334
123 6506 6835
4 7990 8104
328 3437 4009
72 6070 6177
5 3802 3821
117 6411 6622
184 1743 1935
59 5888 6045
233 3717 4101
12 517 580
32 4670 4816
122 1705 1873
123 6777 7061
79 6898 7075
172 2169 2377
20 6922 6980
118 2543 2701
26 4434 4541
223 5981 6486
76 5983 6095
208 7352 7768
27 6447 6545
226 6259 6536
37 7715 7806
114 3624 3893
255 2106 2684
224 909 1388
287 3381 3858
99 1188 1390
221 6973 7287
119 624 788
89 5846 6037
197 2737 3016
70 7899 8022
88 6807 7062
25 6252 6287
29 3739 3770
78 1187 1409
308 4603 5193
202 34 531
195 5548 5769
36 7534 7615
91 1008 1263
60 586 652
83 8172 8262
104 533 824
108 2839 3080
7 3995 4083
72 2428 2535
9 874 943
104 5460 5719
6 3384 3496
53 1655 1730
64 2707 2807
26 1760 1824
55 8074 8139
19 1638 1764
64 675 747
283 359 861
46 2280 2399
253 7243 7674
224 5261 5698
20 5166 5247
25 3343 3464
31 6191 6261
117 3688 3986
63 2649 2815
200 6765 7204
17 3915 3976
66 7933 8072
64 7215 7429
80 2619 2772
83 8124 8382
58 7848 7920
75 6272 6522
117 6242 6364
177 3273 3511
101 3723 4023
40 2827 2961
1 1079 1110
88 182 335
19 1805 1897
84 5374 5520
108 6917 7054
69 4394 4544
60 7852 7989
2 7299 7338
120 7522 7782
240 4900 5387
98 542 674
241 2140 2471
101 90 302
320 7041 7403
125 1730 1914
48 3216 3406
317 7020 7510
107 6415 6727
232 4192 4443
45 7467 7565
9 1099 1160
94 1332 1481
315 4924 5654
19 3078 3124
68 2429 2540
71 6177 6341
92 2932 3089
103 1704 1852
10 3268 3299