100
584 3194 5230
839 8284 9449
633 1147 4194
31 1479 2893
111 2535 4258
1109 550 2203
373 6044 7885
499 4790 7632
436 4535 5591
562 3463 4921
73 5229 5688
147 6055 6602
296 4078 6505
807 7550 9490
229 213 763
107 9745 10122
13 4203 4769
727 2542 5276
144 864 1310
470 6535 10496
823 5143 6969
561 1312 3231
249 2439 3567
30 8277 10634
207 8583 9215
898 5894 9862
265 7369 9254
202 9877 10826
38 9758 13107
17 3739 5725
126 7025 7483
124 6632 7809
172 553 902
161 4552 4746
685 9413 10284
509 8155 8833
938 9491 11647
45 3303 3704
692 8620 11562
211 9888 11707
72 9757 10667
507 8667 11747
269 9828 10878
344 3541 5711
283 5413 6319
103 8380 8529
694 6805 8455
173 5462 7465
263 6453 7671
275 3449 3779
510 2381 3212
330 7352 8563
193 6844 7801
23 5779 6200
653 976 2286
731 3808 5387
151 7504 8650
150 6283 9282
373 8098 9175
557 2288 4505
634 4526 5922
510 80 1533
106 7982 9128
110 4524 5177
163 3070 4004
68 8341 8480
287 3190 5071
13 4301 6075
271 778 2862
96 6844 8550
48 8426 10104
11 87 4824
225 1608 3420
366 1298 2465
642 190 1609
288 6560 7018
247 9724 11805
442 7302 9393
604 3353 4445
587 7974 8860
350 9590 10474
373 3337 5803
546 7734 9951
610 4744 6633
217 3163 3964
137 8110 9073
126 7311 7798
409 7189 7769
281 1086 2345
230 1027 2411
551 107 1932
121 6662 9799
667 959 1826
43 817 4416
617 9479 11046
537 9832 11846
171 9020 11246
961 9724 11214
409 3067 5221
393 1079 1501
