150
169 9767 10650
213 13140 15921
0 303 2200
208 3079 5299
272 491 2971
198 11650 12972
606 4768 5459
845 96 1306
657 10586 12790
121 189 3614
301 5416 6585
741 9933 12319
237 239 3290
325 11726 12076
660 11555 12822
53 8842 10273
293 10501 12970
906 13083 15248
216 3357 4119
244 10558 13048
183 10877 11201
478 10815 13052
993 12668 16984
559 8690 10163
283 9255 10647
688 14009 15029
306 10950 11600
199 12695 14407
432 8338 9238
254 982 4786
578 14195 16467
150 14887 18416
219 4999 7619
730 4519 7178
354 5230 7602
448 7454 8625
832 2170 5965
236 12785 13327
1135 11356 16015
544 901 1959
796 2270 4345
585 5835 7758
516 8905 11134
203 4088 9141
69 6990 10386
142 810 2009
636 5512 6636
1036 9693 11637
480 8829 9960
78 3547 6286
1239 11391 16735
760 6687 7717
632 248 3765
708 687 4644
401 8651 9334
378 5841 6624
503 5075 6694
160 5395 7438
162 6012 6969
506 12120 14448
207 9920 11745
392 12804 15373
623 2304 4962
274 2218 5004
412 168 1910
338 11535 12894
48 2513 3176
137 12239 12730
178 3227 6373
287 1225 2387
236 2810 8158
691 6681 7899
480 5463 9532
204 1112 1561
620 1764 4640
411 3994 6320
461 10172 10842
249 9642 11027
295 8954 13660
80 8239 11361
284 13067 14279
358 4759 5238
1286 11447 12765
1210 2255 7078
41 6193 8014
833 8056 14321
1063 5267 6781
340 2674 10388
350 14394 16701
826 6171 9032
453 1847 2323
243 5098 7671
83 14396 16720
270 9618 10435
672 3327 4345
465 3426 4101
12 1228 1922
174 1280 1659
162 7157 7899
827 7164 8836
394 862 2108
167 6458 10988
173 10149 12963
74 8480 9598
582 7709 9679
111 5905 6046
1022 8615 10765
9 11281 13961
305 8660 11574
18 3603 5330
63 2828 4273
488 13709 16021
725 3300 4130
472 12242 13341
250 5956 7737
288 13354 14090
291 9240 13937
114 10422 11669
705 3919 5706
227 9039 11227
487 5297 8608
831 14628 16219
277 14181 15258
465 4310 5084
699 6099 7710
288 13732 14216
107 14831 16725
32 2078 10722
771 3642 7545
597 7288 7939
85 1879 3752
581 6830 9365
305 7063 10421
451 2353 4021
280 427 1482
239 7705 11804
1260 11848 14576
250 4294 5281
18 4324 5616
452 1561 2298
427 14045 18031
668 13625 15129
481 11400 15838
779 9366 12328
818 7037 9133
633 3109 4657
55 8237 8708
949 292 2642
924 13155 17249
376 8389 12460
