200
221 14374 17046
72 8372 10192
584 14596 17363
837 17144 19211
142 15923 16947
222 2968 7145
1341 15664 17022
623 1306 3843
618 17396 18423
3 13721 14625
276 11131 11743
143 5043 8959
91 858 3161
32 246 2412
51 9811 11193
295 5272 13692
281 4550 7553
241 14430 19667
552 5255 7599
816 1120 6337
198 1176 3545
667 1272 5531
41 3504 5988
295 10786 12160
195 11976 13298
232 19383 20790
473 9754 11104
334 18309 20277
388 15676 18863
79 19281 20859
303 3220 3900
160 5330 9604
521 538 3471
340 4619 5757
426 15624 17003
348 867 5345
403 18876 22387
13 19972 24455
482 284 825
79 11068 11642
744 17921 19113
56 9212 10507
286 7516 9625
405 18024 19509
668 7054 7804
578 18837 21907
346 18677 23288
321 13882 15414
84 7097 13316
83 1662 1975
760 1778 5877
447 9233 13900
761 12032 15144
1361 8395 11871
0 19289 26262
600 3176 3999
12 16930 19463
784 10241 17142
573 631 5344
823 11741 14799
52 19357 21670
61 15221 18543
1088 15035 20697
95 12292 12469
341 4157 6619
191 5023 5345
23 12938 16570
618 5504 9339
160 8935 11490
77 5280 9259
256 13307 14081
108 10434 11703
218 9228 13892
569 15125 16351
16 8230 8263
469 19135 21283
267 7251 9007
12 17650 18270
317 2846 5794
705 4210 7369
810 16001 18041
668 4641 5750
86 14342 20744
851 2895 8571
681 13548 15215
446 13441 16485
328 8030 10835
504 2107 6649
226 16909 17958
326 13441 15103
60 18559 19536
109 13899 15557
414 17562 19989
120 8264 9435
225 13344 15860
122 6097 7219
607 17778 21705
417 5760 7978
101 11708 12695
471 19086 21674
277 13704 14919
459 9790 11471
92 12197 13201
222 575 3698
460 2373 2962
166 7562 10613
649 9456 14000
755 6210 8576
1339 12999 18823
578 17751 18800
278 52 671
552 3094 9206
85 6619 6955
221 2632 3693
2 2570 6704
231 8492 10650
527 11829 17596
838 13730 16293
121 14225 16791
352 13147 14347
822 11824 13530
886 14518 16942
412 10237 14828
240 19425 21726
460 3212 4924
389 4064 4695
369 9707 12260
681 1010 3063
154 10295 10814
69 8928 9851
182 17097 21358
412 3812 5508
425 2813 5616
630 17865 21370
234 19132 21456
251 7246 11098
165 3138 7099
988 1484 2482
228 6102 8595
251 14276 15979
359 17702 21883
93 409 2168
456 6861 9235
29 18579 18670
312 14748 15238
39 5435 5569
219 9780 12718
162 17548 18669
860 597 5585
166 7764 10525
195 16071 18108
212 6334 10383
814 4264 9974
315 267 2689
787 13928 17846
165 9031 14251
783 927 2772
754 11314 12590
66 17138 21465
587 487 3997
216 16231 19474
54 12354 12815
11 3207 7697
220 3479 3886
398 1335 5787
495 10189 15107
920 14097 17108
760 17924 22122
557 336 1528
109 13181 13482
797 17920 20524
143 2196 5748
25 6053 7587
277 19911 20199
406 1599 4533
382 19284 21557
158 18052 21755
355 140 797
1294 6413 8415
409 3905 7067
46 11620 14175
270 8139 9789
320 1114 6523
49 12462 19024
26 17168 18165
211 18690 22654
157 10922 18241
546 2114 3686
655 9999 15780
950 9417 15111
361 13522 14864
413 6730 10253
162 1034 1427
1772 16597 19712
264 12126 16545
390 1767 7766
47 2754 5150
78 15663 17391
814 18989 20717
48 18386 20119
