250
820 16591 27136
796 19253 23361
110 12158 22299
165 22484 28174
516 23307 25136
569 21585 26805
59 19036 22510
305 21045 24979
22 23325 26148
959 7774 14098
56 7281 11914
386 451 1021
1398 15049 19247
197 3908 7350
966 4043 6495
1036 2213 6430
188 16868 24018
961 23906 26147
181 2750 3624
26 1619 2837
39 15980 19229
584 6040 10697
183 428 3317
389 21344 23402
96 7960 12845
24 9290 10854
721 6890 7651
715 13740 17319
359 9985 12623
8 7976 9585
187 20061 25064
372 8937 13413
145 10657 16222
574 3165 7211
267 1027 1511
366 11116 11490
659 17271 19571
76 10455 10745
379 1855 3161
81 3040 8894
22 1221 2136
314 11670 16143
614 6369 13215
615 18528 21456
107 10778 12811
56 6848 8383
185 623 2660
103 8341 9515
348 15587 17818
752 12624 15403
439 8747 12610
191 19725 23361
230 12170 13544
1182 8701 13311
416 13197 15123
620 15193 19444
100 19910 22628
45 9384 11834
243 11815 14069
612 10013 20445
832 11144 16935
216 9594 11347
594 12190 14258
198 8471 10627
16 17343 20311
126 3963 9197
1084 17655 22074
2 4935 5408
395 6005 10187
868 21922 28463
313 4523 4922
246 6023 8899
1075 4358 9282
1270 14929 17078
311 2991 9660
160 3740 10168
782 15436 18636
179 15733 21585
376 12314 21499
854 3756 8696
45 9135 10214
255 4309 4868
312 11401 17695
318 16000 16906
949 20795 27142
557 2024 5611
76 17241 21309
621 16759 21548
10 15862 19960
381 18496 19610
802 5724 11263
787 4452 7071
422 12180 16044
297 22481 27119
720 2322 3154
387 10338 11055
440 9159 9957
158 9086 12184
74 20281 25612
432 20483 23352
821 16424 17648
572 15959 16759
1029 23979 25747
57 19843 23881
330 20115 28220
61 15325 17574
438 3950 14179
766 7801 10864
258 6321 8873
808 23828 30172
75 19964 22022
703 2355 5974
393 5375 6578
442 13316 18196
41 13857 14154
207 9637 11277
464 19783 22499
581 19956 21099
650 17240 19901
1115 5128 10644
476 19744 21924
286 24977 27910
524 19407 22417
847 3434 6208
617 7941 13152
81 19503 22171
51 14352 18991
825 6471 7360
222 6045 8053
83 5889 9505
759 13180 14923
89 9702 10962
1238 12971 15634
807 3327 5286
356 9000 10688
186 24419 28998
440 3155 5518
135 15341 17618
996 15151 19390
340 11367 15152
227 7504 10438
7 7370 7865
490 9798 11227
250 21570 22952
88 11989 13733
1179 24397 28198
240 16718 19090
656 9287 10820
180 12585 18873
21 16259 18618
55 20134 29951
1308 7767 11993
475 16825 23320
736 1131 2918
325 24896 26337
299 16308 18000
288 13382 17880
504 5474 7270
72 12468 13513
639 22319 25080
603 21233 24598
578 12504 17468
78 22445 22606
68 17506 22295
340 2344 6172
988 8781 10266
761 7353 9484
92 8732 11213
135 16099 19919
33 23309 25074
419 14038 15925
3 13622 13727
133 20872 23137
779 10787 15642
461 6678 8372
41 22387 29210
256 16335 22159
320 23018 25361
500 20572 22748
40 24599 27696
620 1237 7809
17 13134 13174
510 4095 6460
94 550 4963
702 23957 26602
86 7798 10589
226 11277 13174
1065 14512 22567
337 20597 22625
457 17877 21405
1804 14251 17394
944 1648 4238
136 13412 15572
129 16626 20070
130 23538 24944
697 23644 29758
58 17312 19103
1137 540 2318
120 18361 18894
232 2995 3685
622 6241 8140
80 24937 28321
138 22660 24400
393 21185 22609
628 20226 25948
24 16283 18042
479 24993 28891
809 13363 18130
316 7488 9902
518 21019 21667
32 1769 6584
323 10486 13227
216 4374 12109
569 4256 6654
312 21308 25737
926 22357 27290
319 14995 18407
163 21362 22243
581 1965 2790
358 4839 7122
133 15357 19381
60 24140 28249
613 24444 25713
179 4773 6698
366 6651 8110
403 20596 22160
138 9092 10398
35 22508 24268
1117 24457 29657
197 147 882
515 19308 21990
370 4403 7744
781 12333 14651
389 13928 14495
575 11077 14014
551 9918 10537
383 1907 2627
295 22732 28167
608 23636 25193
760 11088 17845
1054 2938 6020
17 1433 7695
353 9019 9956
42 11520 15430
556 2477 4311
404 1247 4187
814 4535 6050
515 18178 20727
257 4232 6344
724 21020 24671
