300
344 22548 25347
915 14561 27733
748 10336 12140
456 4548 6440
67 22649 23257
467 25559 26277
229 29329 29784
321 3515 13300
51 14803 19354
400 8355 10303
121 362 773
579 16587 18655
580 8098 17533
267 7868 14467
26 21179 29357
481 20384 27175
486 12516 19839
525 15026 24083
851 7294 9784
328 24554 33363
196 349 13096
221 9627 13760
61 1586 5063
486 18307 21477
347 26229 28928
108 18622 22467
57 9716 18132
53 11183 16483
273 3806 4130
764 18062 23839
169 9599 12350
457 5121 10464
459 25643 28061
550 4087 10707
114 18366 22013
328 25299 26273
29 26541 26608
711 27669 29953
886 12343 17407
358 15859 17736
69 3156 7802
321 10887 21015
234 24882 25834
444 19440 21642
145 27861 29265
496 2321 3872
751 19034 21054
871 18898 21064
158 15744 21426
655 1969 9786
325 5934 10891
119 20799 25536
563 15717 18659
32 24698 27149
3 7519 13584
472 6723 12585
309 19193 25208
633 16899 21066
187 6516 12573
123 21377 26124
44 22990 24117
287 25283 35012
865 15385 16812
1049 20163 23059
890 9092 15270
417 25683 28940
304 16367 20600
292 1199 9978
466 27777 28640
592 712 13151
415 8302 9683
667 12845 22715
361 19808 23235
31 3343 6598
460 26775 33528
462 28439 30844
393 21870 22442
1128 26020 28695
277 4040 6611
624 24805 25701
827 3714 10806
1129 2941 4520
145 23233 28026
1111 15977 19880
749 5602 12753
244 27033 32632
265 22742 28331
287 22695 28476
93 21439 27825
16 17711 20818
75 8926 13132
231 5180 5855
452 22211 25150
407 16300 17477
50 901 9643
174 18752 19188
351 11623 18464
449 23096 32715
1012 26585 30367
138 1561 7038
169 14776 16721
448 13746 14904
426 13510 14148
313 19166 25086
515 2020 7221
381 27181 32640
306 2067 13995
298 21756 28775
177 24526 28191
277 8220 13996
728 28798 32067
58 15688 18640
288 8745 9234
129 19168 28425
231 17667 22341
500 6657 8924
414 5621 7542
574 28667 36414
569 14226 18220
200 1246 2451
403 422 6051
168 15289 17094
438 26605 27438
437 1449 3160
637 20284 22834
160 19061 21490
895 10622 12431
749 15055 19124
27 4535 9186
119 8507 13100
107 8496 15564
336 9092 9951
1036 18618 22724
499 3270 5192
347 19725 22944
58 11352 14096
151 17143 23868
394 17367 18208
99 2124 8407
386 5934 9059
1050 25473 33753
214 3429 7121
314 26546 27398
1 1745 2405
322 26490 27169
105 20400 22568
704 18898 19999
384 21404 27484
30 24676 31714
273 22150 26238
842 22210 29952
381 9243 17281
539 11269 17272
668 1683 4755
826 29840 32386
372 829 6129
206 515 1170
298 26044 35692
279 4743 5576
218 8936 16570
266 25301 29584
190 7049 8985
156 25690 32062
443 10121 11530
607 1808 2445
574 8748 10246
429 23767 26284
429 6382 8466
162 22112 24111
258 4174 5991
1320 22419 24374
452 11023 18848
471 4214 6865
151 3131 4268
649 1072 3167
328 20687 21467
324 28514 29406
266 20959 22844
777 22668 25158
237 13005 14807
25 9818 10662
863 27867 30826
567 22981 28694
457 3631 7267
742 18212 19700
60 24163 24290
165 20183 26728
441 20696 22116
325 4420 8490
666 10964 14141
287 14063 16997
640 1425 8049
401 11763 14209
131 10777 13896
182 10083 11399
458 1583 2855
214 9678 10363
421 12006 13475
208 2438 5794
577 27613 30207
1392 15497 20050
446 24513 33238
59 20382 20803
287 16390 26607
945 19931 22045
106 17890 30328
123 14270 15746
7 13212 13690
10 1419 5441
512 5446 10134
455 13649 18399
35 27306 33197
66 22142 28741
61 4243 9071
546 5081 7658
668 6602 13487
334 21268 23596
877 10256 14492
4 2655 5026
692 28711 30198
236 3999 7299
686 29736 39464
439 16630 17310
314 24571 27758
669 12190 20206
661 17674 27871
0 17287 18040
221 7019 7275
613 16992 25667
324 1033 8884
1052 15308 19688
635 21711 25094
251 26965 34303
24 13737 18023
1232 29060 31545
206 4924 5288
434 9836 15901
85 7301 7998
281 1850 6726
176 1466 5816
794 555 3295
380 3433 5571
35 25606 27409
27 29978 36603
152 2075 4599
1106 13322 14984
98 27302 31445
539 16079 19623
506 26878 34619
213 27941 30262
703 1468 14149
148 10978 17307
970 15226 20877
592 20409 23443
320 3568 12568
735 8076 13101
658 4579 6442
589 11930 15342
696 1565 12938
352 12760 18250
468 10075 16597
58 16713 19196
188 25201 26705
98 12724 13554
571 8902 14070
315 22153 23339
408 27565 29190
65 18459 24757
427 9334 10550
1318 6821 9380
458 10913 12880
1159 18539 23113
1842 26767 33444
225 23548 25502
763 18399 19751
925 14248 17673
556 8418 11043
224 4230 10319
64 3895 7381
542 15036 16831
1043 24197 30998
281 24329 28975
419 18336 22658
164 1709 10228
212 14553 22162
76 3392 4616
25 15883 16986
1291 27632 36854
772 7489 8867
705 517 9374
61 24544 26209
587 20007 24861
197 13716 15152
642 26075 27523
964 5154 12423
269 17748 18796
821 14187 21235
580 24908 27911
558 20626 32596
778 28428 35660
