350
228 4761 9484
182 8325 10182
956 22067 24219
634 30487 34839
999 522 2618
1028 20539 25638
25 6542 12370
813 19980 21574
238 23345 23840
426 12858 17602
1119 25283 33025
143 11062 14584
164 9253 10817
163 5493 6594
553 17046 20882
549 17958 19003
565 28588 31776
260 24679 25779
540 20478 22112
551 16250 18217
618 12113 23200
434 25303 34510
820 30918 41835
183 3798 7209
505 23173 25512
866 28787 34858
281 16904 25867
19 24 533
110 28464 31236
329 29710 45548
64 30029 38279
634 15389 17488
122 8225 8537
585 31129 33179
60 31971 33626
654 34049 39975
424 17356 29469
107 11447 18501
570 8728 11446
57 22435 23520
857 19549 23256
252 23846 25833
69 19845 26632
450 20046 23904
506 2999 4936
221 20016 31587
267 32177 35335
363 11864 15851
272 26252 27241
206 12744 21372
60 16624 18703
953 13144 17875
238 26514 27324
365 27779 31004
32 610 1650
493 2851 9420
912 30980 40321
286 26947 33007
307 9949 16127
5 23551 26539
147 2606 2868
1248 16999 19183
89 32781 34080
1215 29344 36300
421 62 2216
378 636 9262
537 16811 23072
176 25293 33853
641 3211 4869
497 13504 14553
538 3827 4622
187 27345 28864
11 19127 22196
425 29469 34835
88 9126 14723
810 4015 6676
303 13064 16019
456 29707 33571
573 4640 7461
259 30019 34876
416 21664 28187
610 17301 24703
392 7255 9382
714 11321 17873
571 15700 19614
135 29078 29692
157 32351 33890
752 4794 10467
15 6606 16944
129 7534 9787
544 18241 25121
196 16273 16682
665 26689 33759
349 8272 13763
1025 29003 35367
659 19620 25162
539 6139 9109
246 20952 26635
720 30918 33394
176 24121 27828
693 12437 13915
282 34818 46079
356 31763 33519
374 26163 29379
702 11379 17524
172 12256 16118
374 18258 20802
228 23606 30313
84 27829 29234
536 34998 39260
71 21474 30414
200 25888 27630
198 29633 33097
651 5603 6630
774 9078 16239
47 5853 15563
528 31962 37540
595 17732 21769
372 13438 19052
494 24882 26456
431 7680 14275
570 15446 28980
125 22067 32288
495 32466 33979
204 21516 24634
578 31973 37586
1095 26645 33475
354 8179 15959
308 17208 20022
262 8280 13448
658 23033 23927
25 20630 27625
197 23445 23684
230 28545 34258
848 32655 35128
44 1951 8036
535 13180 17744
352 107 6960
123 12033 14683
64 24860 25004
72 24242 34409
661 5705 8400
181 6859 13120
828 22367 23759
163 34256 35973
32 16206 20477
134 5885 13155
402 16164 24321
894 34989 39916
377 23343 26943
2 27545 35963
90 24086 28579
279 28585 33090
467 24882 27329
364 501 3342
438 26428 29573
473 29590 32448
269 6402 13630
344 24434 27924
461 17162 22479
1003 9857 11061
436 21607 27980
353 34510 35565
266 21480 28175
457 13298 19429
902 27374 34773
55 19205 21916
143 8907 10720
385 4165 8880
21 32574 37354
715 22143 24401
89 27761 34262
538 22493 24618
457 23410 28141
12 4100 9278
498 24034 25939
335 16944 22796
705 461 2055
476 3797 8931
342 646 5487
373 23201 23991
212 32050 39067
437 30968 32901
837 9458 13864
345 5419 14150
511 10252 17309
330 3908 6232
1497 9801 13276
426 34436 38923
684 13934 22216
5 6189 7034
158 9959 14200
419 20312 21821
389 1074 2938
175 18913 23055
601 16671 22051
1244 33546 44011
290 10328 11736
494 25273 27553
471 27093 27841
338 32191 34622
358 26528 30767
69 28441 34354
306 11468 13654
7 10473 14400
814 33650 40025
655 21011 26692
845 12557 16227
1119 12217 17161
204 30108 30918
109 3783 5790
222 3731 7578
28 17976 22051
255 16274 21360
815 31634 37573
373 2245 3592
255 17074 25901
2 16447 22059
252 4169 5200
593 29798 36273
21 6612 10436
157 31511 35688
35 6954 9980
427 8102 8852
629 34223 44240
879 28529 29554
211 8803 9717
216 15966 18245
447 18561 29866
332 7090 19069
756 23722 28637
186 5511 6963
1451 388 4367
750 34049 41017
125 1343 12192
829 34131 38615
702 16359 28249
1061 28813 34567
172 26146 31163
12 13909 17044
506 33303 39752
185 8593 11171
1418 6182 12158
285 169 3144
381 8564 15183
337 31168 38488
162 18771 25979
381 19699 23049
363 26732 30567
414 21066 23634
197 9213 21153
306 2977 9866
212 28318 28660
69 13045 17448
250 26429 31155
627 6860 8846
110 21023 24109
1378 6088 9220
670 6031 11061
618 20855 29154
87 24831 32011
1241 7588 12377
180 15343 23248
270 2008 6256
23 8257 11957
673 14201 16894
299 19906 20267
175 16189 30065
118 10048 15178
191 17594 27830
682 31715 37138
212 16452 20983
1115 5409 11595
699 3049 5099
637 8074 17316
309 26788 39890
35 19859 24413
375 27930 36583
116 321 5413
523 15032 16736
462 1495 6554
421 2995 3577
397 4632 17771
267 11165 12020
363 2190 6076
314 164 2947
422 18553 20207
226 4643 14124
552 9575 13737
15 29416 36330
647 29094 31282
167 5167 6398
242 13755 25986
259 1548 2163
52 8160 11264
281 5143 9899
359 24260 24790
518 12277 23371
605 7749 18367
5 22341 26795
143 31582 38905
16 23741 26185
526 11486 12411
275 7953 12628
799 18860 21067
54 17152 24034
821 32525 34678
178 12344 20102
830 10134 17273
512 31808 34321
114 6931 13582
353 3182 12541
78 21486 28465
159 26373 28831
423 20007 22287
769 29921 32520
528 3160 3711
735 18380 25354
469 34969 44166
511 34418 36472
1027 13216 19669
293 32326 37937
353 1382 2762
504 6735 11960
46 9784 20949
106 28213 28777
156 10825 11212
160 4612 6279
224 22947 24364
240 3287 3623
1 34613 40413
593 28891 33070
463 2881 5699
75 34848 39948
804 27310 37124
698 20843 31577
31 7349 12978
144 30622 34521
1180 9404 12822
684 18651 24233
1151 14118 17068
471 15394 16925
903 30689 35810
813 30549 38986
1001 28096 33945
646 13738 14467
823 20392 23250
804 8418 11555
367 30077 30873
142 29900 32983
