400
886 33011 42004
509 30455 32793
553 7787 8801
50 17925 21490
21 4669 10317
555 6221 7495
237 22417 24080
677 29543 42026
178 16786 28097
74 24465 25925
103 38534 45179
281 15846 18643
413 37470 41106
221 32121 41611
108 7171 8856
548 12795 20066
383 12703 16117
28 33216 37152
286 6188 26672
756 8557 23057
156 12894 14075
751 29045 34124
328 17698 18318
412 31199 41779
31 559 2299
534 14653 25676
159 17205 21403
243 33236 36431
398 34368 39377
420 993 8547
383 9574 21114
222 16919 17722
121 26877 42033
331 12595 20555
124 28560 34101
1264 3447 15235
751 36116 45602
33 13239 14044
721 9404 10389
305 5846 9131
203 2227 4702
991 572 4649
322 34704 48796
406 31549 34197
970 32013 37205
46 36978 44364
717 17390 24870
844 32215 35565
264 7368 9606
182 37616 49767
201 38258 42514
901 31684 44731
357 16735 19334
631 19776 21950
481 3101 13675
861 7586 11427
43 10856 19550
631 28376 41685
329 18112 20076
605 419 9580
191 37876 45094
120 16228 24339
878 36863 38569
666 26633 37802
772 6002 9975
61 27269 34557
197 37345 38838
558 33963 39752
220 2364 3305
149 6962 11781
354 9566 23733
380 8368 23031
550 30817 42285
214 29741 41157
173 29821 38138
240 21953 25947
236 32289 37395
422 36944 38486
340 36439 44474
556 29825 35185
416 18958 20658
86 2807 2983
71 36134 49373
106 32944 40918
220 6123 16054
658 21653 23183
288 1307 2221
791 16564 27611
177 3774 6306
171 17468 24224
1065 29592 33482
188 32988 34444
149 13628 18179
181 2105 2476
528 5322 12629
453 31094 36738
659 19454 21466
361 11258 12210
475 25861 33594
326 4066 6058
275 730 5179
261 28884 30509
364 7669 10859
642 19280 23770
519 17480 29174
521 14898 19218
48 12740 13382
1082 38265 43217
525 30422 36290
286 11419 15228
776 3103 6601
385 35840 42308
41 20713 21733
732 20318 29437
834 3033 9838
168 24635 35074
77 26342 27652
895 28951 33490
893 6500 14666
74 5217 7325
750 3280 4462
179 28073 35710
572 20486 26341
35 8102 13733
173 32226 45169
271 7296 14627
191 4278 5887
442 3376 5933
233 31724 35347
144 26036 31409
145 34206 39629
189 33727 44134
57 979 6674
274 39284 42155
407 23988 30932
771 2565 4617
722 30166 32453
564 19608 20564
458 27071 39997
154 1371 6956
996 20372 29436
400 22840 32853
273 12503 13084
1025 34143 39418
317 22910 29732
117 7850 12034
222 5666 10087
45 13194 23443
227 24182 31043
614 6505 20831
68 26312 29723
558 26052 37489
213 7048 9039
14 29877 36040
357 1093 5807
332 25137 35691
511 14876 27530
176 33517 35481
74 32558 33028
735 15536 24924
194 11336 19004
234 39425 43407
490 26591 35726
371 23926 25816
90 14656 35554
835 9285 18541
666 33967 37265
281 7131 8778
651 27457 30649
601 13965 14701
855 29297 30296
789 3239 18793
657 14643 15469
567 14740 15450
6 34590 45001
647 21132 29558
372 14879 24583
545 16708 26850
28 17930 22802
967 18706 21274
607 23170 24868
505 24827 35676
20 6082 11317
558 32814 43606
1056 21838 28196
609 25119 30442
437 34632 36920
508 33473 44909
31 30865 37037
488 34967 38252
251 23457 37250
329 7335 9976
597 30817 44419
588 24338 28849
264 9922 15237
327 2103 4929
703 11690 18863
81 7956 11348
2 28117 32617
775 17429 23134
918 13914 25987
509 17071 30322
475 21871 37381
736 16033 17820
739 5433 6544
163 17959 19644
117 35389 40265
6 16896 20398
298 33326 35292
766 5185 7483
663 22911 25101
428 13301 14410
543 9851 15790
240 29098 38552
762 19475 31155
55 21726 34633
195 8289 11511
706 19366 22270
534 15879 17951
45 33457 43324
245 38635 40796
228 17205 26398
162 29021 32670
732 30942 37087
253 9584 14276
797 6790 16064
490 17280 21154
14 7932 21240
1085 34500 50925
432 29569 35290
1181 38995 45754
1052 27657 36614
570 24340 31007
107 32041 45254
155 5724 10391
50 21274 26754
17 12073 20300
564 816 4827
670 24691 31316
45 1300 9488
143 30631 32500
784 883 11960
1030 37321 41802
269 18905 23432
475 35427 36103
546 31466 36130
794 4923 13920
594 21256 27406
668 16789 18956
348 3142 5227
235 7489 14751
151 23136 33050
334 27866 30637
204 1105 1323
202 874 3605
431 16205 17646
812 1264 4911
653 8046 14292
42 25255 32148
139 8998 15332
781 15712 17915
193 27545 30968
484 22284 24815
190 7726 12928
1147 14850 21818
285 6237 11580
967 37253 44895
607 14380 17606
41 35428 42304
110 33726 34674
780 3341 8797
885 31297 32264
166 19578 23307
58 14642 18937
862 34063 43497
685 17735 23351
566 13375 16338
240 27680 29366
263 15440 21559
53 21169 33526
8 7174 10668
853 20161 31491
608 33073 42006
67 4707 18332
189 3134 6407
782 4103 10399
429 25081 27756
47 18722 20455
450 10243 18665
347 32117 39409
316 8824 9828
43 25231 29672
291 30238 35290
420 6589 23714
700 22192 25362
289 36596 40963
474 23994 32554
515 39888 45875
525 25553 30254
386 25475 26370
1574 17783 21031
604 14819 15837
1044 9815 17100
100 39230 46290
412 19968 23621
33 13823 14957
478 24789 29536
940 17339 32348
65 13737 14686
525 23045 26207
190 1652 3222
349 24243 33243
551 2917 15552
219 9554 16644
326 6017 10707
184 6883 17343
72 3336 8141
615 19377 22522
463 2432 10652
422 6118 11147
159 34597 36321
189 10041 10677
420 3691 10424
534 17088 19922
134 1783 4136
45 19902 22227
165 13204 18253
239 31406 40905
295 12463 14361
663 25873 31442
815 33157 43760
1057 13675 24386
236 28199 34252
907 17551 21007
728 32520 40369
0 3885 6629
127 21849 27164
257 9231 28832
262 2492 3146
103 39574 49378
504 35135 42380
420 10555 14260
191 1647 13153
602 20136 24534
109 21537 23698
325 19896 29801
286 38608 47963
321 39834 46354
167 32079 36681
315 19174 21899
226 4050 9701
85 6347 13786
171 36715 37185
140 31614 34013
174 15171 27699
539 7805 12296
469 34315 41625
407 36557 38901
281 25567 30143
237 614 1478
794 31382 34643
16 10433 10671
745 19054 34692
166 23523 26932
383 30413 37774
985 2599 6779
392 3122 6201
525 15359 19357
496 28403 35486
444 26335 28680
361 9901 18172
47 22595 39679
714 19557 36276
953 11975 23582
25 24060 26099
173 32668 33380
292 34708 39599
655 22332 23121
201 23090 29785
943 14073 19281
492 4831 7881
282 38976 44643
698 7881 14734
657 27686 35708
411 36079 38184
591 1602 4203
962 5768 7966
325 36199 36735
186 3538 9405
569 20635 21888
437 16948 18971
190 23477 24207
239 5445 7323
197 13311 17250
341 27205 29310
584 35584 36881
26 22955 29075
285 20771 24779
219 34487 36161
472 35135 41262
