450
203 36435 37267
231 5420 6714
712 1098 13168
39 24520 26900
303 25421 28548
317 20672 22677
200 41103 48130
372 13381 22885
196 12356 14875
384 34782 41158
1488 23137 25838
25 26573 32489
55 31833 34419
507 950 5370
420 26723 32398
340 3463 10009
712 44465 51121
467 5303 14343
483 17085 20009
18 43193 50481
200 35454 46605
303 29017 41244
652 36272 46429
38 39535 48824
546 1637 17849
94 37231 47530
1210 39964 46654
227 937 5724
611 10987 18603
513 10125 11200
295 12311 20991
951 613 6621
384 25808 26829
280 43796 45147
143 16481 28346
725 18441 27731
109 44299 48617
368 13320 23784
1045 36454 40915
204 43195 56998
513 30982 42871
458 12177 23851
824 27469 29615
440 34592 35203
303 23966 26347
595 31410 33337
12 23341 25756
946 2728 6940
427 33085 40683
70 42563 46880
1317 26321 35354
61 32508 34781
512 34781 38263
325 31599 38040
93 32795 32937
343 30791 39546
21 30825 34563
836 3567 13652
569 43648 48044
249 36169 37669
233 42692 52613
568 33790 43039
196 39096 39624
540 25936 29662
463 10839 20085
244 39511 46763
146 29099 43365
397 26278 27898
147 9310 10759
88 15702 18957
261 38722 39570
559 16409 20726
885 34057 44468
91 19197 28341
221 17495 17756
40 41496 49574
842 44761 52210
114 40195 45166
761 7854 10122
198 26086 26398
684 41977 49167
485 5980 26910
546 5876 6683
332 35345 38530
415 36347 39572
264 639 5056
888 15487 27893
490 26243 37905
231 5284 7576
15 14068 17275
166 5056 14730
12 15881 19253
560 1387 4290
1073 22126 31570
77 9839 20327
66 272 2010
777 4508 10477
320 37712 42694
160 9356 10192
159 13636 23021
379 14916 21466
43 27336 29154
883 32217 41468
514 37649 41956
745 32964 41143
823 38606 61504
288 5867 11998
22 27626 31104
781 1623 17705
69 12095 25556
180 10257 15703
643 19868 28755
395 30303 38169
1103 43895 48580
206 35253 37821
121 30614 31041
633 17259 21615
562 12451 20657
93 40392 44836
267 13835 14748
600 9838 16070
214 30716 32783
170 42789 46267
71 16851 26705
398 33743 39664
323 37309 41422
455 3281 9757
1107 10657 15690
195 24784 25202
58 32560 40410
489 35036 39958
252 38267 39979
605 9458 10530
397 27347 40208
215 32813 35464
469 44928 50394
158 23764 25876
494 32099 41441
971 4607 7620
121 29971 40094
348 16023 25615
491 16984 26230
561 31707 37062
165 287 11460
395 37894 49452
69 28434 42905
698 28800 32051
562 1383 3492
454 23186 29367
565 30577 35654
388 33436 37257
75 13360 18935
462 38844 41306
135 17460 23547
565 11964 17668
432 7555 9899
361 14462 18325
120 36208 38570
683 13162 17672
314 3806 19247
84 10622 12185
108 20068 26043
130 21882 30107
1083 7142 11832
891 19284 22272
180 7089 7732
211 10220 15598
38 40201 42747
551 38484 40147
718 40352 42122
287 869 2099
63 36370 49877
334 5130 11022
203 41764 47034
349 13008 13932
442 30112 33163
641 33690 44476
222 18633 23403
235 902 9275
75 36892 43675
68 31724 36830
142 34527 37437
460 44409 49648
710 25337 28960
818 20177 29017
309 7195 13862
81 23085 32349
153 4077 11135
281 20935 22206
670 24319 26581
744 22045 23846
329 2890 6270
139 31655 38540
836 22653 30107
184 35474 36413
81 9066 16743
22 7357 14509
150 43997 50477
682 32601 36484
457 17595 22368
275 1645 2713
1094 18 2819
305 6103 14590
152 22458 32922
600 30168 38732
487 13403 20678
102 26452 37281
343 23851 27534
253 11015 18006
51 6177 9862
148 1535 7007
546 37496 43793
360 1661 11741
179 24179 27457
68 29408 31172
139 9094 9418
410 14934 16644
22 8664 16389
225 42972 44275
650 27963 38593
782 894 7964
769 14419 23085
155 27158 32898
421 35933 37434
817 17660 21120
554 37206 40311
148 19116 33048
328 26503 42872
484 31580 38176
215 756 6523
33 32584 35681
91 37650 38909
331 12756 18637
524 2869 7544
147 27016 37651
361 15902 17972
91 28872 30267
132 44517 52082
158 33810 39214
24 42028 42899
369 8960 14834
209 39705 52916
104 19268 24090
80 8940 9709
393 38759 40917
395 42074 48575
730 18103 19522
550 40119 43545
64 40899 50121
453 20589 23078
146 977 10194
493 1501 6325
51 16473 24749
62 36657 37325
184 388 7551
190 27334 35091
365 40343 43647
308 36608 41354
718 33026 45715
631 13472 16179
566 2973 8747
245 40583 49340
1067 22739 23852
81 27081 31352
1239 44818 55258
184 42696 48309
458 12930 17659
580 24719 31042
369 24087 30258
269 37854 42321
47 3131 5446
588 37069 45234
124 20527 27860
270 23738 28414
126 35937 44737
5 19052 19912
334 31737 35362
1130 34972 40411
662 20212 26204
398 43684 48088
194 16992 25584
43 20013 22496
530 5053 15090
509 14680 24411
465 33338 35226
814 44614 45787
191 31415 40070
178 9087 14984
202 8838 14768
170 7742 12707
1033 20824 22462
592 4276 6407
242 14181 20167
48 17631 21926
409 23829 30131
482 21376 26134
231 3241 8181
181 35347 36747
163 39513 58164
245 38914 46188
81 44016 56252
278 10764 16747
111 27247 33223
654 32452 40745
347 17525 19551
75 34527 39577
503 33733 37612
593 33088 41306
858 25541 26843
879 1549 9837
133 4971 17293
297 26521 38438
187 43344 55889
173 6856 14623
537 15443 22663
506 38430 39011
89 36398 45701
400 31290 40409
125 23507 27621
185 30891 33593
49 34632 36401
738 4201 9633
277 23923 34427
193 5342 11617
113 2806 3827
1041 1210 8267
891 37668 41950
862 21060 39174
491 19384 31496
464 18280 25264
920 2798 7396
841 34674 53805
183 26753 27325
322 7545 12072
40 39862 41523
21 35840 38683
718 38 5882
6 37291 49973
317 12455 15987
817 31103 37883
638 26522 38591
645 43168 47531
202 10197 16911
402 22064 26747
330 37211 39053
313 38073 42306
755 33982 43920
31 16178 22616
443 36459 41340
194 33798 42349
237 40129 42752
1395 8934 13207
296 40140 47926
42 25394 25723
426 895 2647
1051 16577 17891
142 39211 46646
96 9500 13511
388 36433 40087
214 43934 49205
423 10553 15804
1017 4290 8669
366 10945 21661
413 43000 47158
163 8395 9286
725 29013 31426
729 1144 3058
283 15391 24288
856 26256 30979
298 36125 43275
625 42703 44461
187 3524 7878
491 38217 50574
98 17638 28619
353 15857 17585
17 19852 29345
374 14952 29916
91 37128 37405
121 26418 31596
46 28401 34071
365 1374 9481
197 25906 37232
717 29387 38692
78 33857 39478
368 23003 26018
501 16605 27512
791 44231 48111
225 37622 42912
217 3953 6494
212 35048 40364
1346 11246 15373
772 43356 48062
7 30665 39188
182 12536 18394
59 30765 32051
190 7367 11874
268 30864 36531
67 4157 13946
293 7697 13773
178 6863 14695
399 8911 17838
859 10119 13900
261 43000 50249
344 18594 22738
179 7008 9516
485 41112 44364
542 27073 31516
368 8126 11736
159 22656 38592
12 37827 50730
269 16854 18584
284 41008 46279
836 39661 41894
479 5861 9554
139 22379 27667
252 26473 31288
35 29645 34135
258 3936 11030
259 1272 3296
204 10836 12899
337 35262 36983
359 20161 21184
506 19510 25150
192 28044 30734
74 31191 35723
244 3116 13509
410 36648 47308
148 8308 14379
172 9679 22075
256 21319 26389
793 6636 13122
322 39773 43542
966 33335 34582
169 41239 46276
982 27019 31448
217 35359 39893
1037 32591 44758
269 22952 24372
99 43802 45044
410 2619 3290
553 32197 34272
151 27148 30347
272 31320 38647
105 13794 21992
514 27765 39054
575 44898 47813
98 6916 17557
707 29492 31164
422 40637 52237
1141 43053 47065
