50
270 1528 2068
216 3185 3409
830 1459 2469
959 816 2824
308 3433 4063
118 2966 3800
3 1271 2019
421 2444 3213
370 3207 3678
828 2808 3853
287 239 601
445 3881 5225
135 2807 3525
958 4895 6245
232 4231 4574
328 3817 4755
137 2683 2834
472 159 1394
217 4462 5067
796 112 2492
161 4364 4953
198 2079 2330
333 1178 2891
470 4798 6079
759 1258 2374
33 989 1614
328 147 780
850 1438 2296
70 1344 2638
9 4965 5606
575 1993 3719
4 183 389
1051 3762 5667
425 535 1646
185 1903 2536
306 3348 3953
136 3644 3853
790 444 1470
636 104 920
81 2832 3697
397 3211 4127
83 1939 2483
322 1420 2660
229 4470 4925
195 1008 1834
1060 2173 3549
126 1497 1936
2 3741 3857
59 594 1726
375 921 2801
