500
422 44306 44946
69 4230 15118
542 49741 52818
313 9308 18232
345 45153 52663
266 41546 42020
130 48753 56244
214 4311 20921
496 46234 65413
785 8175 10009
537 17615 21131
842 19634 21670
1219 45545 51831
250 20806 25795
290 31076 37878
249 4192 8943
158 10351 15603
166 43834 54814
609 27923 30954
1057 5238 8975
432 20834 28895
218 17796 21301
492 44308 58161
233 6803 8953
60 14625 23394
284 12147 17241
30 49819 52959
237 6167 17385
72 4988 7155
528 35669 42933
286 17189 22132
263 6784 9543
678 3509 6019
739 17570 19139
105 16598 26225
183 36115 41131
36 36875 44507
378 42216 44731
444 30877 37765
228 18483 19305
4 34224 44579
183 23994 26275
324 41252 52324
100 23022 30825
146 23946 26561
937 36793 42987
268 14503 23899
85 47297 62100
162 18227 22076
481 26841 28125
146 4943 10742
1037 9127 17770
516 38589 40906
10 16332 28715
294 31367 40960
81 34221 35633
676 1729 15255
201 8058 17379
417 20376 24599
723 2284 20623
527 43216 44171
910 3007 9320
484 37381 41775
530 37147 40072
629 49820 59713
657 1389 11892
395 39106 48192
1179 22110 41572
16 57 7541
446 34146 41686
474 47049 52414
984 11736 27857
692 4144 9841
391 30615 38188
641 25899 29554
618 49931 50631
325 144 8911
182 42368 52947
85 49632 54775
573 25876 28033
954 27224 31809
78 7935 11401
303 16417 32032
134 24323 27325
541 12532 24634
526 25734 37027
452 22202 29071
342 6069 12481
912 24875 37122
171 19376 21457
305 46672 49119
1831 43956 50915
946 36519 40257
471 33300 41399
4 21791 38022
466 9566 13649
1322 9274 28300
756 26442 27973
307 24275 38976
231 2950 21081
327 15576 33187
275 15633 17944
438 17817 25297
568 38443 42015
986 42332 49999
1039 49957 54882
195 6822 8784
96 27912 28473
32 13564 15567
472 34899 47295
687 45021 52650
127 45075 46157
174 15485 24776
699 31411 37985
286 14521 21186
6 49991 51213
1094 623 7919
213 33579 47299
319 36862 46913
99 28148 34294
368 10023 14175
96 25871 26698
739 31013 36036
546 39043 44655
109 5750 6195
129 12575 31551
387 46607 57311
564 34723 42607
242 39004 43169
514 44940 50870
391 19743 26438
595 9059 11200
545 33237 38337
2 18909 23959
351 20227 22321
394 21027 26700
466 41557 68791
185 48736 55602
898 23848 30816
408 25518 31392
26 13700 16094
279 22135 27654
46 41159 63159
82 33544 36659
625 29224 34580
485 36619 41943
73 44580 56177
451 48027 52808
26 48990 52269
741 47722 54311
623 38418 41304
415 44960 47098
532 23474 36657
553 41265 47167
432 14725 17958
208 26130 28895
272 29090 35600
669 4933 7703
139 5049 6335
916 6838 25762
556 39494 48807
227 26738 44732
122 13651 17912
221 21561 29955
296 42552 49631
121 3086 17150
73 19099 25675
795 11294 13498
285 10742 12261
418 20217 26454
630 6568 20120
134 5492 7330
776 40468 43556
75 15768 21029
572 41520 50351
364 17308 20410
10 40524 42742
891 33982 46001
81 3897 11022
109 21102 39459
85 38946 48699
911 25898 36325
4 45289 59454
420 31820 37839
144 37129 50275
898 26399 28905
429 33600 35564
268 21925 29205
183 41228 49670
621 4603 11797
362 31044 38978
424 12342 22045
921 49159 61660
1163 13938 26952
509 7780 35301
315 16845 25014
41 4374 4949
52 32330 41158
326 9567 18330
135 44513 47334
43 42197 48712
237 45490 60605
734 39067 44642
301 35192 36496
190 15314 16489
366 24482 26284
56 10606 10722
841 39287 40230
476 11150 31483
302 18073 20599
404 43889 55977
589 12111 16806
238 48699 50710
198 24362 26358
65 46724 54887
131 47842 50637
134 18363 31630
371 30472 37218
197 26715 44590
303 30652 32854
79 21515 27624
658 22901 26167
580 22475 25560
1096 39721 52321
888 24926 32525
282 38442 53003
278 44744 47465
286 22180 31738
372 25857 26997
360 32283 33516
642 25168 38642
50 17182 26315
410 3524 8802
899 1072 6919
603 8586 14152
103 19347 23607
220 6207 10555
891 46127 53657
91 37350 38815
299 46815 48427
655 29866 31263
392 15179 22175
1555 14477 20351
334 6676 9321
427 48808 52957
337 43188 55865
497 41031 47560
612 21442 22278
122 37954 42068
252 41562 42678
297 32655 43503
869 10338 13286
779 16079 22317
1101 40855 45839
634 30112 38009
581 4591 8493
188 2226 10489
617 18758 19870
856 21594 25129
210 27219 32498
869 7782 15358
81 13376 14821
1152 20048 23443
361 15164 18450
1083 7206 9166
940 5201 9511
819 16872 26389
398 20377 21718
167 16210 20080
431 22274 23134
582 15277 20051
272 20753 24361
121 23214 24223
337 12558 13604
273 5262 15162
350 46524 53756
322 6644 13751
379 28375 33041
23 6393 8692
1343 46336 50435
616 20199 22831
56 23013 28922
82 25260 26143
140 47530 52537
523 43726 47366
363 24800 25970
1074 44012 48313
541 41349 45005
224 25834 35428
913 1573 12465
879 39061 47672
1101 46409 56054
1266 26257 36251
467 32848 44747
915 27331 36897
295 33525 40943
291 46123 49730
772 31046 48490
486 170 7405
388 23268 29784
527 18991 22644
128 40606 44140
328 16766 22781
115 34317 38703
508 6690 9018
318 26274 33146
9 43168 52914
52 11078 15210
367 7885 12456
321 19591 27270
671 20092 25327
36 49696 55417
423 35069 37857
240 25919 29907
356 42270 59987
1193 1670 7976
287 19654 22054
317 15366 25405
165 38854 44123
862 24932 42816
908 15464 17249
497 2457 14048
20 33827 39360
120 41897 44004
79 49946 57837
19 11166 15788
574 4470 13967
133 38418 44905
305 24931 35890
198 10859 15597
200 14776 23878
1106 12469 21966
327 35694 41724
952 44527 47999
358 11873 14783
449 37462 43189
123 32560 33358
41 460 3870
437 3415 11075
621 18562 22240
224 40468 56588
209 36152 41047
859 38767 49893
369 926 4003
83 33800 41189
130 33820 54314
365 15175 17457
927 11654 25006
56 14904 18023
119 16446 18653
214 893 6213
512 21165 28404
174 41808 49590
357 1065 17056
160 43495 53344
4 41959 44771
262 47831 54655
571 29848 32942
353 32672 34286
868 16385 31066
744 44716 45844
821 22797 32701
547 19380 25271
119 19572 20437
301 5106 11345
402 21352 28575
105 27129 28508
91 15916 23212
356 45837 52721
136 22342 32283
56 4362 8022
515 10043 20861
14 795 5753
3 21250 23865
119 44629 54315
78 6628 8109
20 8818 13179
144 19665 30853
734 7428 9588
50 34651 39524
424 47275 53878
549 41015 55574
873 14557 18343
655 9812 22174
210 4524 14121
241 21424 22861
316 49384 52872
156 100 10642
588 31044 34642
296 15522 24302
345 27634 31943
91 2261 4560
237 6446 6797
65 48951 49312
166 41791 47303
713 24225 29723
836 24212 37042
215 48625 58752
196 4245 12129
1109 3406 19520
168 42664 46577
335 38136 54837
677 17583 21745
331 13882 18407
234 23390 27015
20 48248 48682
389 48550 52033
224 7696 10751
24 9485 24156
46 46634 50009
236 31805 40226
398 41219 51572
317 17337 24252
470 29891 30500
247 24354 35478
124 40421 47280
696 1203 4967
215 1366 6140
266 2527 4483
491 24308 29673
1242 6130 13888
316 2898 19702
626 29298 31392
585 34129 41684
752 4236 6924
410 8343 14085
761 5697 11610
451 2931 7973
122 16004 26212
450 19223 19767
222 10677 11917
1203 795 8253
708 43017 49656
192 11315 23717
419 23191 25915
180 23171 24693
1165 48798 53712
216 21021 26800
708 48726 52875
613 30467 43676
934 14184 22055
280 34300 42489
454 7867 16143
325 18012 24689
883 43176 52543
789 38390 39581
488 2837 6146
118 34724 36653
726 44505 48413
839 33850 38839
392 19047 42990
9 7526 11853
322 28263 33429
762 7345 9152
263 44304 55214
845 43320 50720
270 4593 6034
400 33932 39525
510 31302 35484
474 8459 12388
237 42038 45997
685 41308 42228
64 1437 7561
1552 16258 30419
416 21057 26487
75 24309 31861
249 15322 17258
264 32026 35292
824 631 9873
427 46058 52098
823 31608 35997
595 11878 23376
302 1786 4154
400 28954 29418
772 24244 26661
760 8647 10834
333 38263 42613
68 33004 49772
804 49830 67185
259 45193 46887
913 30549 46510
231 20560 29063
376 17600 34510
127 19092 20119
202 32682 47049
560 32006 37343
124 39452 45654
731 37467 41472
300 10700 14824
96 4874 10303
286 7789 15328
438 19797 31397
255 20055 35013
513 48014 57556
933 4523 11706
728 37190 47834
71 40282 45419
1016 20391 21905
398 45985 48387
319 16668 22293
