100
59 903 962
536 966 1502
58 69 134
53 476 529
32 903 935
59 903 962
55 505 566
62 954 1016
58 0 58
66 954 1020
48 958 1030
42 0 42
48 990 1046
68 903 971
32 0 32
46 68 117
62 0 62
45 1015 1069
59 550 620
53 492 558
47 498 545
466 1036 1502
38 0 38
53 560 637
33 0 33
52 954 1006
61 0 61
56 505 561
41 581 640
32 498 530
49 542 600
41 505 546
53 0 53
49 577 642
52 0 52
46 476 522
55 518 573
57 21 102
58 0 58
47 903 950
50 569 640
54 598 678
56 476 532
40 162 218
47 505 552
45 0 45
39 498 537
43 26 75
51 590 650
69 954 1023
67 505 572
34 498 532
65 0 65
39 498 537
64 0 64
49 530 600
42 0 50
50 498 548
46 564 627
54 34 90
34 954 988
55 498 553
44 903 947
100 1402 1502
42 0 42
31 498 529
49 15 81
33 505 538
44 0 44
41 498 539
46 722 772
30 476 506
46 16 75
49 0 49
58 10 87
59 37 114
36 476 512
44 954 998
50 0 50
54 490 556
51 505 556
54 54 128
59 518 577
45 112 168
58 23 101
47 0 47
36 505 541
58 0 58
34 505 539
34 0 34
50 0 63
50 25 84
48 580 635
49 903 952
41 79 125
221 1281 1502
69 0 69
51 0 51
37 498 535
40 51 106
