150
49 1456 1525
100 1924 2024
51 482 533
55 917 978
49 536 596
113 1911 2024
39 987 1026
53 507 576
49 565 626
68 987 1055
55 1499 1558
59 487 562
36 983 1019
62 482 544
43 0 43
50 917 967
48 1021 1077
46 9 56
35 482 517
49 134 207
47 488 557
54 917 971
40 996 1036
299 1725 2024
45 0 45
32 482 514
46 56 124
53 482 535
56 1488 1562
48 0 48
46 1522 1581
58 45 109
49 480 529
59 55 117
50 1414 1483
54 40 110
54 1406 1465
45 1077 1133
47 917 964
50 570 636
47 160 221
34 0 34
34 917 951
48 493 554
51 917 968
42 18 61
64 1415 1479
48 122 186
66 0 66
56 14 96
35 996 1031
36 0 36
44 1443 1488
54 480 534
38 0 38
57 0 57
32 987 1019
40 0 40
65 480 545
42 987 1029
58 987 1045
52 0 52
42 975 1019
43 1025 1086
50 1104 1158
43 1415 1458
30 987 1017
32 444 476
60 996 1056
31 983 1014
54 1415 1469
30 0 30
31 987 1018
47 0 47
41 487 528
37 0 37
30 0 30
54 1406 1460
45 492 553
40 1430 1470
49 608 664
44 23 82
59 983 1042
46 1073 1141
49 0 49
58 444 502
51 1146 1220
39 996 1035
53 1430 1483
43 1142 1189
62 482 544
56 482 538
42 0 42
49 21 87
58 987 1045
50 654 705
58 0 58
40 1472 1524
41 1415 1456
64 0 64
39 983 1022
51 0 51
58 179 253
67 1415 1482
48 0 54
37 983 1020
43 0 43
57 607 691
52 1534 1608
35 987 1022
58 1059 1123
42 1415 1457
43 588 639
60 444 504
40 482 522
49 674 727
33 1415 1448
553 1471 2024
35 987 1022
66 482 548
58 444 502
57 996 1053
61 1430 1491
49 578 639
58 1406 1464
52 519 584
50 1406 1459
42 1454 1504
53 984 1051
50 0 50
68 1415 1483
44 486 551
40 444 484
55 930 993
32 0 32
44 1114 1169
40 444 484
46 0 46
54 109 168
52 0 52
57 482 539
51 444 495
37 444 481
48 615 675
50 487 538
62 983 1045
45 30 85
47 1112 1171
45 1532 1589
48 1415 1463
