200
47 136 195
39 1969 2008
61 998 1059
54 1625 1705
65 915 980
52 546 616
67 0 67
30 0 30
45 2073 2126
43 958 1009
49 517 566
59 1548 1636
52 1104 1180
35 0 35
37 1862 1899
52 1550 1615
32 448 480
55 517 572
46 1504 1560
56 0 56
42 915 957
212 2341 2553
37 1969 2006
53 1592 1662
31 1481 1512
58 1900 1958
48 91 162
39 1481 1520
54 537 616
49 478 544
53 483 561
50 96 157
65 0 65
50 42 95
56 480 536
45 0 45
40 1969 2009
41 1409 1453
48 972 1038
33 954 987
42 915 965
41 1454 1498
55 0 55
55 506 563
56 520 584
67 1969 2036
41 519 568
53 1916 1973
68 1969 2037
39 1900 1939
64 915 979
62 1969 2031
40 448 488
50 1537 1587
41 23 78
35 0 35
35 1969 2004
57 26 95
48 954 1002
48 6 71
56 503 580
50 1900 1950
46 0 46
66 0 66
45 917 970
55 1994 2057
34 1862 1896
68 954 1022
60 482 542
61 892 953
60 1862 1922
50 2118 2189
40 1 57
46 0 46
52 915 980
47 1969 2016
47 998 1045
43 917 969
58 998 1056
41 1862 1903
41 1082 1139
59 482 541
41 1686 1740
45 1541 1602
64 1481 1545
49 517 566
46 0 59
44 62 124
41 0 41
37 915 952
36 0 36
57 531 592
57 1481 1538
59 1469 1545
49 905 967
54 88 157
33 0 33
30 517 547
56 448 504
46 541 589
42 1544 1601
47 1407 1459
51 0 51
40 1404 1447
40 0 40
54 1900 1954
38 915 953
52 1466 1531
54 593 657
52 1537 1590
33 1900 1933
46 1623 1672
48 1483 1542
45 998 1043
42 1591 1642
50 2024 2082
43 533 583
31 1900 1931
34 482 516
44 954 998
50 1431 1483
69 998 1067
162 2391 2553
51 480 531
32 448 480
43 0 43
45 892 937
56 892 962
51 2123 2179
43 482 534
30 517 547
42 1570 1622
42 565 610
56 1427 1503
33 517 550
44 1969 2013
58 1912 1998
42 542 592
35 1862 1897
49 1862 1911
59 1054 1115
41 0 41
54 622 689
37 1481 1518
62 1481 1543
44 0 44
58 1049 1129
39 448 487
56 920 1002
48 118 168
63 0 63
67 915 982
51 1434 1505
65 1900 1965
63 0 63
43 517 560
46 915 961
50 1115 1166
53 954 1007
66 954 1020
43 1418 1480
34 517 551
43 480 523
56 153 213
51 2054 2130
221 2332 2553
42 601 656
45 954 999
49 547 601
55 1441 1497
56 1481 1537
49 1939 1992
57 1415 1477
41 448 489
56 103 167
45 562 615
45 1609 1675
52 3 62
43 0 43
33 517 550
57 1916 1983
37 0 37
37 915 952
41 1409 1450
53 170 236
100 2453 2553
63 2024 2087
52 2024 2077
35 1900 1935
57 1477 1540
48 1400 1472
50 998 1048
52 1081 1141
66 954 1020
52 1541 1604
50 1393 1443
32 1409 1441
68 1900 1968
56 88 147
60 998 1058
