250
48 1944 1992
57 967 1024
48 1009 1057
40 1477 1521
51 508 572
45 1534 1588
62 1951 2013
34 2003 2037
49 1595 1649
42 1167 1227
31 1904 1935
69 1944 2013
37 508 545
63 967 1030
46 2070 2134
50 508 558
45 8 66
65 2450 2515
62 967 1029
66 2849 2915
44 967 1019
41 2456 2502
46 2627 2683
38 493 531
252 3002 3254
52 1474 1526
56 589 646
48 1159 1212
56 589 667
48 515 563
63 1460 1523
56 1031 1087
58 2479 2543
62 0 62
55 1951 2006
65 2506 2571
43 589 634
50 1539 1602
48 577 627
64 1951 2015
43 1548 1612
61 2450 2511
53 2089 2143
31 1474 1505
50 520 594
40 0 40
59 1009 1085
57 636 704
50 2851 2911
54 2082 2151
66 1539 1605
46 2694 2749
58 2070 2141
50 1904 1954
55 2524 2599
59 967 1026
51 967 1018
100 3154 3254
58 482 540
58 1904 1962
43 0 43
30 1904 1934
51 1444 1495
48 2592 2664
40 0 54
47 1539 1586
59 2450 2509
51 988 1039
51 2450 2501
63 2849 2912
58 1009 1067
48 0 48
52 0 52
42 515 557
66 0 66
40 2094 2152
45 2003 2057
48 557 618
41 1944 1985
46 86 137
42 0 42
55 1579 1642
36 493 529
44 508 552
45 73 135
45 1031 1076
63 1904 1967
43 1444 1487
69 967 1036
47 1944 1991
50 2488 2539
54 2578 2659
48 0 48
56 2069 2139
54 1974 2031
57 26 104
60 508 568
42 2638 2698
46 2506 2552
44 210 256
41 2363 2410
44 1009 1053
57 570 649
62 482 544
45 1904 1949
56 1081 1138
40 17 59
32 1944 1976
53 1444 1497
45 2183 2233
65 0 65
57 2531 2602
42 1539 1581
68 2506 2574
43 1444 1487
50 1576 1638
42 1472 1526
40 2849 2889
40 1599 1656
59 1444 1503
57 2089 2151
49 1115 1169
52 43 121
42 564 626
59 587 655
31 482 513
65 482 547
40 529 571
43 1951 2001
34 1031 1065
57 482 539
67 1031 1098
41 1444 1485
257 2997 3254
31 988 1019
52 48 103
50 482 532
40 2056 2105
48 8 72
37 482 519
63 482 545
47 111 166
53 1031 1084
40 1009 1049
36 1444 1480
51 136 196
69 1951 2020
31 1009 1040
51 563 617
55 1474 1529
41 2495 2540
36 967 1003
34 1904 1938
42 0 42
43 1117 1175
55 19 98
48 1944 1992
37 0 37
43 2541 2589
67 988 1055
51 1444 1495
59 0 59
59 2488 2547
55 0 55
53 1474 1532
46 2390 2450
51 15 78
59 1485 1560
45 2451 2505
66 1031 1097
44 586 637
58 1031 1089
42 637 683
43 2849 2892
53 1460 1515
34 1539 1573
37 988 1025
57 543 604
45 2506 2551
55 1474 1529
35 1539 1574
51 1944 1995
41 1449 1500
42 493 539
52 988 1040
52 2488 2540
62 1944 2006
30 1009 1039
59 1539 1598
33 967 1000
268 2986 3254
49 1944 1993
64 1951 2015
45 1469 1520
33 1474 1507
58 2500 2573
36 988 1024
50 80 146
54 1474 1528
59 2516 2596
42 1444 1486
48 27 96
42 2542 2599
56 2506 2562
58 2606 2687
54 515 571
49 2016 2089
41 77 133
42 38 89
31 988 1019
59 1944 2003
43 2929 2992
57 2548 2619
57 0 57
57 55 116
54 1580 1636
35 1539 1574
34 1904 1938
51 2450 2501
54 2367 2445
40 0 40
52 53 119
64 0 64
34 2506 2540
43 2022 2067
55 125 181
43 590 643
35 2346 2381
69 2346 2415
55 2040 2112
54 988 1042
35 2506 2541
44 1129 1187
57 511 577
64 2450 2514
56 524 587
33 967 1000
50 0 50
44 2534 2582
56 53 131
42 1539 1581
54 508 562
64 482 546
44 1460 1513
51 2056 2113
39 1031 1070
48 520 572
46 1031 1077
44 2346 2390
54 7 65
