300
32 959 991
55 2030 2085
39 1426 1465
52 162 218
47 1054 1110
61 483 544
40 485 525
44 981 1025
48 3075 3123
48 2039 2099
33 1011 1044
65 2913 2978
38 0 38
47 0 47
63 1442 1505
33 1929 1962
44 1454 1511
59 0 62
48 2434 2492
46 2461 2522
44 560 612
56 576 657
52 1521 1583
57 1929 1986
34 3075 3109
35 3075 3110
43 1508 1568
51 2607 2662
37 1446 1483
56 2030 2086
33 1011 1044
59 1963 2034
58 2091 2159
53 518 572
37 0 37
45 1446 1491
49 1986 2043
43 2944 2987
56 534 607
50 1130 1182
67 471 538
58 0 58
60 2030 2090
55 2436 2500
56 1927 1983
54 1446 1500
202 3697 3899
47 980 1027
53 980 1033
52 1426 1478
32 1011 1043
36 3336 3372
47 2438 2485
66 2547 2613
40 1011 1051
55 520 587
43 2438 2481
43 0 43
48 1480 1528
61 1426 1487
41 0 41
58 2653 2715
45 0 45
57 2103 2178
39 2944 2983
49 25 90
43 3347 3395
51 85 156
56 1442 1498
51 2017 2086
50 959 1009
40 959 999
100 3799 3899
50 2547 2597
45 3073 3121
59 565 638
46 992 1049
46 471 527
36 1426 1462
42 2436 2492
56 471 527
57 1442 1499
42 980 1022
61 2442 2503
60 1446 1506
55 0 67
30 1442 1472
39 3410 3449
49 2438 2487
46 1660 1707
57 2396 2460
61 2442 2503
32 3410 3442
48 1011 1059
31 2438 2469
41 526 578
43 2883 2926
47 51 104
32 2883 2915
40 483 523
40 2498 2558
33 3410 3443
46 2396 2444
39 0 39
51 1933 1984
64 2913 2977
46 3376 3444
56 2913 2969
52 0 52
38 1929 1967
30 2547 2577
33 1929 1962
44 0 44
42 2442 2484
34 0 34
31 471 502
50 193 245
30 980 1010
43 1426 1469
47 2438 2485
51 1596 1667
53 1985 2047
44 2438 2482
52 0 58
47 587 636
64 959 1023
63 3336 3399
59 3005 3073
57 2596 2658
51 1426 1477
41 0 41
31 1929 1960
57 485 542
45 2929 2994
54 98 160
49 3075 3124
57 589 654
54 494 568
59 3371 3431
67 1011 1078
48 609 678
46 2883 2929
35 485 520
47 51 110
56 2547 2622
49 471 520
55 666 737
45 2944 2989
363 3536 3899
67 1480 1547
53 3167 3237
62 3410 3472
54 1977 2046
32 3336 3368
64 981 1045
35 1446 1481
41 980 1021
34 2883 2917
43 58 115
63 959 1022
38 981 1019
46 524 578
54 0 54
37 1929 1966
43 2093 2152
67 2883 2950
45 485 530
49 60 129
51 1984 2057
40 4 63
46 510 564
42 3492 3542
61 2944 3005
58 0 58
56 1446 1502
57 1972 2055
47 1011 1058
66 3410 3476
57 1054 1139
48 3347 3407
30 509 539
66 2438 2504
58 1929 1987
65 471 536
57 2913 2970
53 1446 1499
42 2575 2625
59 513 574
56 2651 2727
32 2944 2976
48 2913 2961
48 0 48
51 959 1010
56 471 527
65 1426 1491
55 3410 3465
41 2544 2589
67 1480 1547
55 23 85
62 1933 1995
55 1678 1757
68 3075 3143
61 1426 1487
460 3439 3899
67 2944 3011
59 1442 1501
42 548 593
43 2944 2987
51 2495 2567
30 3075 3105
41 2984 3029
31 2438 2469
61 0 61
69 2438 2507
42 2042 2102
56 2547 2607
51 57 114
46 2442 2488
49 3343 3394
59 1094 1170
43 980 1023
66 1480 1546
57 518 594
53 1927 2004
49 61 117
36 981 1017
57 2883 2940
44 1426 1470
48 86 143
55 1002 1060
51 2883 2934
57 1480 1547
46 509 555
66 1011 1077
40 1933 1990
48 1446 1494
36 485 521
46 2030 2079
32 959 991
47 2623 2684
36 1480 1516
52 1446 1498
46 43 106
37 483 520
61 483 544
31 3075 3106
52 509 561
46 959 1005
41 1446 1487
33 980 1013
33 1442 1475
67 3075 3142
47 514 576
60 2396 2456
36 2944 2980
49 483 532
51 2117 2187
49 2442 2491
68 2442 2510
43 1144 1204
42 1442 1484
48 2438 2486
46 3075 3121
49 1927 1976
43 3040 3103
56 1928 2001
34 0 34
41 2079 2132
57 1041 1122
51 2913 2964
52 2913 2965
43 2883 2926
55 1929 1984
40 1038 1083
46 98 153
43 522 570
55 1426 1481
58 0 58
48 959 1007
65 1480 1545
46 1132 1187
32 2030 2062
59 2067 2150
57 0 57
48 980 1028
59 128 205
30 2442 2472
65 1929 1994
42 1933 1975
54 2056 2128
52 1093 1156
51 2572 2639
57 113 189
52 2101 2166
60 1929 1989
54 2547 2601
45 3517 3579
40 2883 2923
40 2959 3000
59 551 625
