350
41 541 592
59 2549 2610
43 3081 3124
47 2600 2660
52 2012 2078
45 1545 1590
51 2575 2628
57 1035 1092
48 3954 4002
68 2010 2078
54 3001 3055
43 3585 3629
51 0 51
51 1468 1533
52 1167 1233
47 3492 3539
57 1145 1218
46 2080 2133
42 2168 2231
42 1548 1598
56 12 95
51 4135 4204
35 534 569
31 3617 3648
30 985 1015
31 985 1016
51 3499 3555
52 4063 4120
59 2596 2668
30 507 537
56 2002 2060
42 1086 1139
40 1467 1507
67 507 574
54 1528 1582
39 507 546
56 1506 1582
54 1528 1582
59 3204 3289
30 3453 3483
41 4063 4104
44 1034 1083
49 1495 1555
62 2524 2586
42 1496 1543
54 2524 2587
57 2580 2637
47 1989 2036
33 507 540
63 0 63
48 2452 2500
40 1041 1082
54 1989 2043
40 645 702
48 3940 3989
48 0 48
45 1004 1054
49 2639 2694
43 3607 3669
42 3103 3152
55 1206 1279
59 2106 2173
64 2025 2089
49 2452 2501
61 1528 1589
40 1547 1595
48 3954 4002
44 1531 1576
35 3453 3488
50 3954 4004
67 1989 2056
58 3597 3666
50 3081 3131
38 0 38
58 2961 3019
58 2479 2537
54 0 54
43 1564 1612
36 4063 4099
54 4 79
49 4030 4086
30 2580 2610
56 3130 3202
66 534 600
41 1568 1613
57 3192 3268
57 1104 1167
45 1513 1560
41 3912 3953
56 3912 3968
35 3954 3989
51 3126 3178
44 1517 1572
66 0 66
48 1717 1773
42 3492 3534
45 2096 2155
56 2010 2066
47 2590 2640
57 30 101
44 3954 3998
55 2562 2635
58 1528 1586
37 3492 3529
40 4102 4158
46 3679 3728
51 3071 3142
66 985 1051
38 523 561
52 0 52
52 507 559
55 2010 2065
61 3001 3062
30 3617 3647
59 636 706
45 598 660
50 2524 2574
34 3001 3035
58 1957 2031
47 2961 3011
49 534 583
46 2051 2118
43 1530 1575
64 3912 3976
58 3188 3267
48 2025 2073
69 0 69
60 2524 2584
68 3954 4022
41 1639 1687
52 2479 2554
62 492 554
47 1989 2036
64 3492 3556
48 2525 2582
45 3018 3074
184 4371 4555
57 0 57
44 634 697
51 0 51
66 492 558
33 2479 2512
53 2010 2063
33 1989 2022
48 1070 1124
42 1966 2026
43 1035 1078
41 3617 3662
46 3453 3499
49 3644 3703
56 2636 2707
56 1988 2048
46 507 553
55 507 573
59 989 1058
58 3585 3654
49 1663 1713
42 654 711
43 12 58
56 111 183
59 1957 2022
69 0 69
62 3001 3063
57 560 640
69 985 1054
54 993 1058
61 3001 3062
50 3025 3100
59 534 593
52 116 186
42 3912 3954
39 3492 3531
39 0 39
49 3459 3513
46 523 569
31 3912 3943
41 2629 2676
50 492 542
57 3059 3116
48 2056 2117
56 2172 2241
50 186 241
52 3585 3637
100 4455 4555
42 3001 3043
43 3631 3688
47 1080 1148
50 1074 1149
38 3492 3530
62 3059 3121
34 3912 3946
33 3001 3034
49 534 583
51 0 51
60 3081 3141
52 501 560
67 3617 3684
54 2010 2064
53 1069 1147
49 3234 3290
48 108 157
59 1081 1160
50 1035 1085
46 587 643
43 124 173
55 2610 2682
41 1004 1045
55 1571 1636
47 0 47
58 55 115
47 1528 1575
40 560 617
37 507 544
44 614 676
49 2452 2501
55 1662 1736
45 3492 3537
64 3492 3556
50 1077 1138
57 2600 2671
43 1065 1127
59 4018 4099
40 2790 2837
59 507 566
67 982 1049
44 2038 2104
63 1004 1067
53 1079 1134
58 2479 2537
46 2127 2194
66 1488 1554
58 1617 1694
67 3453 3520
68 523 591
46 3492 3538
30 3453 3483
32 0 32
48 1528 1576
48 3012 3062
67 2452 2519
52 982 1034
45 1138 1192
59 2985 3047
48 598 652
41 3621 3665
33 1957 1990
50 1067 1127
46 2474 2540
49 3186 3251
40 985 1025
56 2641 2711
57 653 736
57 1035 1092
56 3954 4010
51 3954 4005
51 10 79
55 985 1040
46 614 671
65 2010 2075
55 2961 3029
49 2524 2573
58 0 58
57 3585 3655
57 2503 2577
51 4124 4189
63 0 63
64 3059 3123
46 3042 3093
58 1488 1551
43 0 43
68 985 1053
55 4073 4132
67 2010 2077
48 492 540
48 2125 2182
45 691 748
33 2961 2994
46 1035 1081
59 1585 1672
57 1545 1608
56 2452 2517
45 2713 2768
53 1576 1634
45 2010 2055
34 0 34
55 2134 2202
41 72 126
40 3492 3532
36 1528 1564
57 139 220
57 1545 1602
50 3954 4004
53 3617 3670
50 0 50
47 3743 3802
48 3497 3565
45 2053 2120
44 1981 2043
46 1499 1564
47 492 539
40 0 40
54 3149 3204
52 2593 2658
42 8 65
33 3001 3034
52 2543 2621
37 3453 3490
40 650 709
36 0 36
45 3059 3104
39 1004 1043
39 2025 2064
45 1545 1590
51 3059 3110
51 2479 2541
45 1529 1582
50 607 662
57 27 95
463 4092 4555
53 579 640
47 1478 1539
41 3630 3674
35 985 1020
43 3059 3102
65 2524 2589
58 33 109
49 2580 2629
45 3160 3215
54 982 1041
50 1472 1523
47 3640 3697
58 3758 3835
37 1989 2026
64 0 64
33 2452 2485
57 2019 2086
52 2193 2259
56 1048 1117
48 3585 3633
35 1528 1563
35 3912 3947
69 3001 3070
43 3166 3219
66 2025 2091
66 3059 3125
65 2580 2645
58 141 208
217 4338 4555
46 1627 1686
66 3453 3519
