400
238 4878 5116
61 3506 3567
62 1956 2018
39 1454 1493
55 3666 3725
43 4602 4645
60 3603 3663
51 4090 4165
68 3982 4050
54 2694 2763
46 1525 1580
55 1956 2011
64 4448 4512
58 4486 4564
56 1533 1613
66 3470 3536
45 3470 3527
63 1011 1074
30 3506 3536
45 4097 4142
57 68 152
53 1498 1551
38 1011 1049
67 1559 1626
58 1498 1562
35 1559 1594
59 4011 4079
53 3562 3641
57 2453 2510
66 0 66
54 49 112
47 2548 2597
49 1033 1082
44 0 44
55 4028 4097
50 3530 3590
55 1103 1177
50 3533 3596
40 1559 1599
42 33 95
69 497 566
68 1498 1566
40 1588 1647
47 2596 2650
57 1062 1134
38 2091 2129
51 2173 2230
42 4500 4543
66 1454 1520
36 4002 4038
55 4184 4263
55 2599 2663
47 2537 2584
49 2517 2588
43 2587 2630
61 3977 4038
36 1011 1047
45 2023 2068
42 3125 3167
66 508 574
51 2453 2523
55 2038 2093
54 3694 3762
54 154 212
51 3542 3608
57 4039 4104
47 2993 3040
49 570 622
50 3977 4027
47 1631 1681
53 4099 4163
162 4954 5116
55 4477 4533
59 2517 2576
32 1033 1065
41 0 44
40 3110 3167
51 3603 3659
36 3977 4013
32 3491 3523
53 2091 2144
47 2660 2723
32 1011 1043
57 121 179
53 3167 3224
31 2993 3024
64 2023 2087
67 3491 3558
32 3125 3157
41 1536 1583
55 4448 4503
49 3125 3174
42 3506 3548
40 1498 1538
53 1524 1577
46 4004 4069
34 0 34
48 141 204
57 2537 2594
57 508 565
47 4642 4691
44 2595 2646
58 1108 1183
55 2023 2078
45 2993 3038
42 2091 2133
58 4617 4696
53 2623 2690
61 497 558
45 2091 2136
69 2587 2656
51 60 114
50 1571 1629
48 2587 2635
66 2993 3059
51 2023 2074
46 3001 3049
55 1956 2011
49 504 553
36 2537 2573
58 2183 2269
54 1084 1153
56 1556 1634
50 508 558
62 2023 2085
54 2560 2639
49 3125 3174
63 1559 1622
47 1087 1136
52 1108 1161
48 3145 3201
41 3125 3166
48 1454 1502
51 2773 2833
56 4144 4214
56 3580 3651
35 3982 4017
40 2517 2557
54 3491 3545
47 70 137
51 1067 1122
67 480 547
50 480 530
55 18 76
65 3125 3190
100 5016 5116
46 0 46
46 4624 4675
57 91 171
41 724 777
43 3977 4020
56 4488 4549
48 995 1043
58 497 555
59 2982 3041
61 2993 3054
50 2527 2588
50 4069 4137
53 497 550
51 3645 3702
43 3093 3154
31 504 535
50 4488 4549
52 504 556
48 480 528
48 4002 4050
38 2038 2076
57 504 568
67 2453 2520
69 1011 1080
34 2537 2571
41 4486 4529
39 480 519
55 4477 4546
47 3062 3111
46 2023 2069
44 1033 1077
42 2560 2603
31 2038 2069
57 4042 4109
44 0 44
61 995 1056
44 4038 4096
45 0 45
58 4602 4660
40 632 677
31 0 31
53 4109 4169
141 4975 5116
42 4448 4490
57 1536 1605
45 4002 4063
55 589 662
59 578 651
30 4602 4632
50 4239 4292
48 1085 1138
67 2982 3049
41 3533 3575
68 4097 4165
54 1018 1085
40 2228 2275
57 0 57
49 1549 1612
48 1033 1081
52 1454 1506
52 0 52
48 59 121
48 1956 2004
58 1136 1197
42 3065 3128
50 2480 2536
46 4495 4543
46 1619 1678
54 2038 2092
53 1537 1594
34 2537 2571
43 1956 1999
35 4002 4037
42 133 182
65 3506 3571
64 504 568
54 7 70
62 1559 1621
59 563 650
50 100 152
63 504 567
34 3982 4016
52 1498 1550
44 28 83
55 1559 1614
45 1088 1155
43 2023 2066
42 1136 1184
52 3086 3145
53 497 550
58 4008 4073
41 3142 3191
50 1033 1102
46 642 708
54 4553 4628
69 2091 2160
58 4537 4597
52 1582 1649
34 2993 3027
39 497 536
42 2546 2606
55 2463 2536
60 2038 2098
45 4495 4561
43 2023 2066
40 1956 1996
59 3075 3144
33 3491 3524
52 1011 1063
49 4602 4651
45 508 553
56 1081 1140
61 2999 3060
51 3491 3542
49 37 107
46 0 46
50 0 50
36 995 1031
49 1080 1131
56 3603 3660
45 3626 3690
45 2982 3028
40 4207 4253
52 1011 1063
40 1559 1601
54 4051 4115
59 589 676
41 604 659
53 3807 3872
44 2517 2566
40 1045 1097
42 2023 2065
30 3982 4012
40 504 544
50 4602 4652
46 1033 1079
46 2587 2633
55 480 535
53 4526 4580
45 1687 1738
64 1956 2020
58 4488 4546
46 3603 3649
46 4537 4588
56 4448 4504
64 2993 3057
61 497 558
56 3125 3181
36 1956 1992
57 3491 3560
56 480 536
52 4228 4284
31 480 511
42 3125 3167
41 3595 3642
49 3543 3596
53 1102 1170
52 4491 4548
43 2183 2242
69 1033 1102
43 3644 3689
52 3784 3838
58 2722 2785
69 3982 4051
60 1454 1514
46 3982 4028
34 1033 1067
67 504 571
63 2091 2154
52 4488 4540
63 0 63
46 3617 3677
55 0 74
46 3470 3516
53 2999 3062
54 3125 3179
49 14 80
50 34 100
55 1584 1640
48 0 48
37 2999 3036
63 1498 1561
58 3470 3528
56 2680 2753
56 1060 1140
41 3603 3644
50 1498 1548
47 4478 4543
52 2038 2090
46 4602 4648
67 2982 3049
50 2993 3043
47 4142 4204
39 3470 3509
55 1956 2011
53 995 1048
49 2982 3031
66 4488 4554
43 2993 3036
58 145 219
46 2302 2355
36 995 1031
42 2091 2133
52 28 103
48 31 98
44 2537 2581
53 480 533
47 3628 3682
55 1749 1805
37 995 1032
61 2587 2648
47 1010 1064
55 3042 3117
66 1559 1625
40 2587 2627
45 4036 4093
59 3101 3173
56 2517 2573
57 8 67
63 2038 2101
39 2517 2556
36 2993 3029
48 1534 1599
50 4488 4538
42 4099 4146
32 0 32
44 3623 3673
37 504 541
56 1036 1105
32 2038 2070
54 521 579
39 1956 1995
63 2038 2101
58 1454 1512
41 3982 4023
63 0 63
53 2541 2607
40 4477 4530
67 2587 2654
51 3506 3557
59 1559 1618
49 0 49
50 4170 4232
60 3982 4042
33 3982 4015
59 2537 2596
52 4538 4600
62 480 542
41 3026 3078
30 1559 1589
47 504 551
56 3470 3535
38 4477 4515
50 4604 4666
