450
40 3576 3629
50 2642 2711
36 3947 3983
49 4495 4562
41 3045 3086
52 3912 3989
59 3947 4006
45 987 1032
53 565 639
344 5423 5767
56 3954 4029
41 987 1028
62 929 991
32 3045 3077
61 3487 3548
42 1979 2021
58 5357 5415
50 2007 2057
31 480 511
41 5357 5400
58 535 609
69 2401 2470
52 4987 5039
48 1439 1504
42 4052 4103
42 494 541
43 1539 1603
50 2959 3020
66 4887 4953
55 516 571
47 603 663
58 2563 2625
36 4430 4466
53 4533 4588
32 1979 2011
43 5064 5114
43 929 972
59 2452 2511
46 3424 3470
48 1477 1525
59 3395 3454
49 2598 2657
66 929 995
54 2489 2548
42 3923 3967
48 545 611
51 1190 1247
49 2401 2450
60 4430 4490
30 518 548
56 5382 5460
40 3141 3200
47 0 47
56 2478 2559
50 1090 1165
46 0 46
57 4833 4890
54 2018 2082
58 2113 2194
57 516 573
61 1439 1500
57 3947 4028
56 2922 2978
51 4426 4477
68 1061 1129
56 501 563
46 1575 1626
42 0 42
47 2718 2769
35 1965 2000
34 4426 4460
36 4456 4492
42 4626 4676
56 2943 2999
44 2966 3011
50 121 190
54 4474 4528
31 994 1025
47 7 66
54 1061 1115
67 0 67
63 3883 3946
47 2169 2217
60 4887 4947
61 3947 4008
48 2427 2479
55 2077 2144
47 1590 1641
62 3395 3457
45 518 570
63 2943 3006
61 1439 1500
51 2955 3019
49 987 1036
68 0 68
30 987 1017
50 4456 4506
51 3058 3133
46 1589 1638
383 5384 5767
46 4426 4472
38 2089 2127
51 3030 3090
50 933 995
43 4987 5030
51 3508 3572
65 3045 3110
47 4987 5034
35 3045 3080
58 4474 4549
69 2089 2158
37 4833 4870
57 1477 1548
54 0 54
49 590 640
41 4960 5005
54 501 555
52 1021 1089
42 556 603
58 589 658
57 2945 3019
41 1523 1578
63 0 63
65 987 1052
43 4430 4473
35 2007 2042
67 3923 3990
55 4921 4992
63 1500 1563
49 2594 2658
40 1642 1702
57 3532 3604
46 2920 2966
59 81 141
51 4474 4525
46 3459 3505
55 2749 2808
40 5034 5087
35 3045 3080
64 0 64
46 4456 4502
53 4887 4940
35 1965 2000
46 2948 3011
43 3481 3534
44 4987 5031
59 2401 2460
46 3487 3533
32 501 533
40 5446 5495
41 1535 1583
40 4022 4069
48 4921 4979
59 2427 2486
63 2089 2152
41 2007 2048
52 3583 3651
55 4430 4485
69 2401 2470
30 3045 3075
44 1162 1212
49 1552 1603
52 3954 4006
49 37 87
55 1000 1067
40 4426 4466
40 3576 3630
47 2595 2645
44 588 639
36 2452 2488
44 1655 1705
48 0 48
44 4426 4470
33 2089 2122
37 1061 1098
56 0 56
61 0 61
51 528 583
67 994 1061
57 3883 3948
62 516 578
42 4987 5029
52 3989 4043
37 0 37
44 2058 2122
62 2401 2463
43 1575 1626
58 520 600
47 0 47
42 104 158
59 576 651
49 3468 3518
46 3968 4023
57 1979 2036
318 5449 5767
59 4982 5049
30 0 30
42 2586 2631
49 1061 1110
42 0 42
38 501 539
53 4008 4087
55 2089 2144
49 2613 2681
50 2128 2201
53 1500 1553
46 3553 3621
42 1026 1082
55 1965 2020
42 4456 4498
41 2952 3004
47 2941 2991
62 1061 1123
49 585 658
58 3459 3524
45 581 645
54 73 152
58 2688 2768
44 518 571
30 4456 4486
51 1082 1144
40 3957 4002
56 5024 5082
54 1705 1773
57 3977 4060
43 3424 3467
55 2427 2490
53 1439 1492
48 4939 4992
43 3553 3613
42 576 630
52 1593 1659
45 2089 2134
44 480 533
41 1979 2020
42 929 971
53 2986 3041
40 3395 3435
39 4426 4465
46 1979 2025
57 3487 3544
65 0 65
56 3021 3092
69 0 69
50 2920 2970
69 0 69
37 2401 2438
55 994 1049
38 4887 4925
33 0 33
55 2576 2636
41 2483 2532
57 4887 4944
58 2427 2485
42 4985 5047
66 3954 4020
43 4082 4132
40 3424 3464
56 0 56
59 3462 3533
48 2452 2517
47 69 131
68 3883 3951
67 501 568
48 3395 3443
48 570 636
37 0 37
31 4426 4457
35 2089 2124
57 4052 4127
57 4004 4068
60 3424 3484
62 516 578
52 4987 5039
55 4456 4511
60 987 1047
36 4456 4492
57 4010 4084
69 3883 3952
56 4886 4959
58 1061 1119
44 3011 3061
47 3050 3102
46 929 975
43 524 588
48 1606 1666
48 3649 3710
34 1965 1999
49 4527 4590
45 648 707
40 2089 2129
38 0 38
32 0 32
35 2452 2487
43 1551 1608
58 2401 2459
57 4456 4513
46 2465 2514
31 2563 2594
55 994 1049
46 4426 4472
58 3954 4012
40 2115 2159
39 1965 2004
46 53 120
69 1570 1639
48 36 100
45 3395 3440
40 564 621
65 987 1052
38 1979 2017
40 1979 2019
50 5067 5129
46 3923 3969
36 3395 3431
42 2007 2049
30 4921 4951
46 5 55
50 2542 2612
43 1489 1548
43 3461 3514
35 4887 4922
41 585 628
55 1500 1555
50 3395 3445
57 3395 3452
59 4497 4573
52 2608 2672
59 3550 3626
42 4833 4875
57 4453 4535
40 3395 3435
56 3923 3979
47 4568 4624
47 1572 1625
44 1153 1205
51 1061 1112
31 2007 2038
41 1685 1732
47 4474 4521
53 4987 5040
50 2987 3045
64 1570 1634
51 591 659
47 3508 3556
40 4093 4143
42 4987 5029
37 4987 5024
50 929 979
52 1646 1705
46 0 46
58 3045 3103
46 4092 4149
47 4098 4167
31 2401 2432
37 2563 2600
34 2922 2956
42 4966 5012
51 1570 1621
42 1071 1130
42 3455 3517
39 3883 3922
58 2922 2980
59 4833 4892
43 4508 4559
69 1477 1546
46 2964 3031
33 4430 4463
44 1123 1185
65 3947 4012
43 2401 2444
45 3487 3532
47 0 47
69 1439 1508
47 3977 4044
41 2570 2630
47 3176 3241
38 4921 4959
48 538 603
41 3491 3551
66 4833 4899
36 0 36
47 126 188
33 4426 4459
42 3487 3529
57 149 218
46 2920 2966
57 1439 1506
67 3424 3491
59 4887 4946
55 741 805
49 1965 2014
52 4543 4600
60 4887 4947
46 3001 3058
52 2032 2089
41 3098 3156
43 3538 3597
64 994 1058
58 4833 4891
48 4001 4057
57 2966 3025
50 3883 3933
45 1003 1060
61 3424 3485
43 1497 1561
44 2927 2989
30 3487 3517
49 2179 2242
57 480 537
49 4434 4500
63 4430 4493
40 3954 3994
49 2507 2577
42 484 540
45 1570 1616
63 1500 1563
39 1965 2004
66 4921 4987
34 994 1028
48 1481 1544
52 2427 2479
48 1477 1525
59 2972 3042
47 4948 5004
54 79 138
43 4426 4469
69 0 69
57 1604 1678
47 2108 2158
64 5357 5421
100 5667 5767
44 2512 2569
51 5416 5470
48 3883 3931
52 1659 1734
42 2007 2049
57 4153 4212
44 2085 2137
62 1965 2027
65 4887 4952
53 4474 4536
61 2922 2983
43 3954 4001
55 1047 1113
30 4456 4486
42 3000 3060
64 516 580
41 987 1028
59 3101 3167
