500
56 1481 1537
66 3991 4057
33 5454 5487
58 5470 5532
41 1625 1682
53 1627 1685
40 2523 2568
39 489 528
58 1938 1996
30 0 30
67 1432 1499
39 3517 3556
64 4976 5040
60 487 547
41 4082 4139
42 5653 5700
67 3422 3489
67 2018 2085
63 5930 5993
57 2606 2678
67 5064 5131
56 3973 4043
67 2950 3017
47 2950 2997
52 3974 4052
68 5930 5998
54 4611 4677
54 3991 4045
40 13 65
63 2413 2476
54 537 594
39 4466 4505
65 5575 5640
50 0 50
32 2018 2050
46 2956 3009
46 5575 5621
45 5666 5730
53 2668 2732
55 38 100
64 0 64
57 4056 4132
49 3560 3628
60 2413 2473
33 2950 2983
57 4466 4537
40 2528 2568
58 487 545
48 5455 5527
38 4117 4155
31 2899 2930
68 2018 2086
39 1432 1471
41 1030 1080
45 4017 4072
57 593 653
46 4976 5022
65 1481 1546
57 1966 2023
35 2528 2563
44 4562 4616
69 5064 5133
481 6075 6556
57 5067 5124
42 2950 2992
57 501 558
30 5454 5484
53 1522 1578
69 3991 4060
49 489 538
36 1493 1529
48 3517 3574
40 3988 4034
41 501 542
55 25 100
33 3442 3475
36 2413 2449
43 4117 4160
52 4466 4518
59 537 609
36 4565 4601
47 4976 5023
46 4976 5022
47 5502 5568
57 4632 4709
50 4466 4516
56 2899 2955
58 3676 3750
63 2899 2962
42 1180 1231
60 4117 4177
63 3536 3599
46 1108 1161
60 1493 1553
38 3031 3069
47 1056 1122
46 54 119
55 3606 3668
43 2486 2529
40 577 630
51 5067 5118
30 5974 6004
51 3579 3644
36 3422 3458
43 2055 2107
30 2528 2558
49 4575 4648
49 2950 2999
44 2521 2570
43 4466 4509
53 4728 4785
40 4430 4470
58 4675 4736
60 936 996
43 1011 1068
68 0 68
63 2018 2081
41 1534 1576
44 1481 1525
48 44 100
45 487 532
42 1432 1474
33 537 570
32 936 968
51 489 540
47 626 685
52 5029 5102
59 2658 2723
56 3979 4040
52 5566 5633
53 4976 5029
506 6050 6556
48 3050 3108
66 5930 5996
49 5575 5624
46 2540 2603
46 0 46
39 2018 2057
66 3442 3508
33 489 522
38 1938 1976
59 942 1013
55 1967 2041
58 2899 2957
57 501 558
33 0 33
69 3422 3491
33 2950 2983
48 5937 5999
58 536 598
33 5064 5097
51 1576 1644
40 5586 5644
46 5121 5183
38 3942 3980
51 3980 4054
40 4117 4157
40 2616 2668
67 0 67
46 541 602
53 990 1043
45 1522 1577
46 43 106
63 3991 4054
39 4565 4604
64 0 64
52 1020 1093
46 5636 5684
54 3529 3601
47 5163 5221
39 936 975
41 4562 4603
41 1432 1473
47 0 49
69 1493 1562
64 1011 1075
65 5568 5633
52 1966 2025
56 4166 4248
43 5930 5973
38 3442 3480
55 2170 2230
51 1481 1532
55 5061 5143
57 2554 2619
36 1966 2002
45 4430 4475
30 3422 3452
59 1117 1185
37 3442 3479
100 6456 6556
55 4042 4105
57 4600 4658
35 1493 1528
49 3055 3105
42 1988 2037
46 87 138
54 1484 1552
51 3991 4042
45 3942 3987
36 1938 1974
38 489 527
40 5568 5608
67 2413 2480
65 3031 3096
51 1966 2017
55 3942 3997
59 1492 1554
52 1040 1105
51 4466 4517
32 5974 6006
45 4976 5021
59 2528 2587
49 1493 1542
67 4430 4497
41 3068 3119
44 2090 2156
42 3162 3224
51 2020 2090
35 3517 3552
60 1493 1553
33 2528 2561
44 100 161
64 3442 3506
40 5991 6047
60 3991 4051
57 1683 1766
61 501 562
54 3559 3630
51 4943 4994
45 4976 5021
30 2413 2443
53 46 123
59 54 120
42 1042 1094
66 3536 3602
51 3642 3711
57 2018 2075
53 501 554
65 501 566
48 0 48
67 1493 1560
39 5575 5614
58 2086 2148
47 568 635
44 91 151
31 3517 3548
59 6066 6154
52 5489 5545
61 487 548
55 5456 5530
68 990 1058
43 29 74
34 5064 5098
56 2129 2200
46 5038 5094
44 2538 2584
46 5587 5645
62 2486 2548
55 3031 3086
49 5488 5540
63 0 63
30 990 1020
66 3536 3602
55 5702 5772
40 6053 6094
46 2486 2532
48 1483 1552
61 1493 1554
54 3442 3496
33 4117 4150
51 2950 3026
56 4943 4999
50 3954 4012
66 4565 4631
47 5184 5252
45 5504 5561
58 5659 5726
45 1011 1056
58 3965 4025
54 3031 3085
32 5064 5096
48 2501 2550
42 1016 1063
44 1488 1535
42 5568 5610
45 2665 2724
69 1432 1501
42 489 531
331 6225 6556
46 4691 4739
56 1000 1060
55 0 55
52 2017 2069
56 5568 5624
62 4430 4492
53 1515 1571
54 5665 5734
66 3942 4008
50 1568 1642
60 4117 4177
51 17 91
42 1432 1474
49 3567 3637
42 2413 2455
52 1007 1059
55 1493 1548
45 616 679
42 5482 5527
50 3098 3163
55 4466 4521
50 539 614
42 3031 3073
31 4976 5007
54 3124 3185
58 186 250
41 2058 2110
64 0 64
45 4430 4475
44 0 44
45 5508 5562
40 649 700
33 1493 1526
56 5069 5132
46 5676 5727
53 3013 3075
45 2018 2063
43 2668 2715
69 2413 2482
35 4117 4152
46 1505 1552
61 2018 2079
54 0 54
51 5164 5238
56 5470 5526
60 5064 5124
33 990 1023
45 3954 3999
61 0 61
45 59 117
57 5652 5710
46 1053 1109
55 4983 5059
54 2080 2144
37 3942 3979
55 2486 2547
51 3227 3294
58 1117 1194
56 2528 2584
42 5092 5145
60 3422 3482
54 5539 5619
40 4976 5016
41 702 757
52 3517 3569
52 4945 5004
58 3656 3741
56 5137 5219
50 5974 6030
32 4117 4149
54 5930 5984
45 4104 4152
58 1432 1490
35 1938 1973
50 0 50
55 1039 1096
46 4117 4176
58 3522 3599
53 2029 2092
59 3597 3662
53 487 540
58 4569 4630
63 5064 5127
46 28 85
55 2486 2550
43 2899 2944
58 4946 5020
53 2950 3003
42 2413 2455
47 2528 2575
68 4430 4498
51 3590 3651
56 4567 4640
36 1011 1047
45 1482 1527
40 2018 2058
48 101 166
51 2899 2950
46 4502 4571
52 609 670
45 5064 5109
40 3138 3198
68 3536 3604
53 1593 1662
53 5518 5578
50 2067 2118
49 4713 4784
38 5568 5606
60 5064 5124
47 3517 3570
48 5084 5136
48 1005 1066
43 1148 1198
61 4117 4178
42 3755 3805
59 2538 2605
68 2899 2967
59 4588 4665
40 4520 4576
46 135 190
49 2018 2079
66 3991 4057
49 1078 1134
31 4430 4461
44 1069 1121
40 595 652
57 3013 3070
56 5649 5731
59 5974 6038
40 2554 2606
52 4634 4712
40 1029 1083
55 4716 4791
44 487 531
44 4466 4510
68 3422 3490
64 3422 3486
51 1953 2012
35 3422 3457
53 3031 3084
44 3051 3114
57 990 1047
40 5992 6042
57 3031 3088
46 5166 5225
50 977 1036
54 2974 3040
46 4635 4687
53 2092 2166
47 1063 1133
69 3536 3605
53 2600 2672
67 2486 2553
61 4976 5037
52 5067 5141
49 487 536
41 650 699
37 501 538
33 2413 2446
45 2538 2583
64 1966 2030
54 2950 3004
54 2027 2099
58 5538 5604
47 56 114
54 3971 4026
65 4430 4495
49 3992 4048
46 5477 5535
57 3013 3070
38 2018 2056
46 5700 5766
43 1432 1475
65 936 1001
33 2528 2561
57 5722 5805
68 2950 3018
42 4130 4177
57 1986 2069
69 2017 2086
49 133 185
41 3690 3750
56 0 56
49 3966 4031
43 5930 5973
54 965 1028
52 3422 3474
64 1432 1496
52 1631 1698
52 5067 5119
65 4430 4495
47 160 216
40 1060 1101
58 3042 3103
51 2034 2093
52 2486 2538
52 487 539
42 6075 6118
34 0 34
51 2046 2109
56 1037 1094
51 5575 5626
64 489 553
49 4689 4757
40 628 682
46 1059 1115
38 4565 4603
31 501 532
53 990 1043
49 3025 3098
