100
64 2 110
67 2 182
68 1 167
39 2 106
36 0 88
65 42 172
52 42 160
28 33 137
60 35 162
72 36 227
37 77 225
56 76 203
53 120 295
17 119 272
41 119 253
47 146 288
46 183 312
31 194 299
75 183 335
62 185 266
45 224 377
38 226 346
51 226 343
45 234 396
25 272 384
47 260 362
32 270 456
43 269 401
46 298 424
61 297 450
47 306 505
35 310 398
48 340 474
28 343 462
37 337 525
41 376 528
61 419 580
33 422 573
21 420 527
33 417 563
66 457 571
39 450 533
68 461 565
24 457 563
49 487 612
26 499 643
19 488 559
50 497 683
58 528 677
45 537 658
70 528 665
56 538 729
42 568 684
64 571 752
45 568 700
40 609 759
43 644 813
72 650 769
39 652 782
49 642 791
49 678 758
37 679 810
33 688 792
26 685 815
52 725 897
33 727 864
37 716 828
67 717 850
37 757 893
60 762 946
59 766 926
41 766 926
61 794 939
22 796 930
33 791 879
67 799 973
66 842 987
58 836 1017
23 839 896
29 836 923
30 867 1000
8 872 976
26 871 1009
37 868 1008
55 908 1038
26 911 997
2 906 978
45 906 1029
14 952 1047
31 943 1069
21 989 1128
46 987 1092
27 1024 1081
67 1027 1151
47 1021 1089
60 1031 1145
45 1068 1242
43 1062 1214
58 1066 1211
34 1061 1165