150
101 0 200
91 10 222
112 0 207
60 0 142
50 6 156
87 54 232
56 63 254
61 61 228
45 48 253
30 60 243
93 119 327
94 109 238
38 164 332
75 176 351
71 178 362
85 223 442
52 284 433
84 291 536
81 295 520
34 283 460
54 344 540
71 349 555
36 343 530
85 345 575
87 407 622
74 457 629
51 460 574
74 461 599
69 465 668
62 462 654
48 520 690
48 523 717
77 517 684
34 513 695
69 519 698
59 573 774
80 568 790
76 569 760
87 560 813
82 568 678
64 628 799
90 633 794
95 617 815
21 631 760
90 630 804
49 693 818
56 674 886
69 679 808
66 736 950
20 749 928
65 789 986
72 793 957
47 858 1043
89 857 1040
43 865 1026
50 908 1010
63 961 1114
65 976 1193
51 978 1112
64 974 1154
91 1019 1158
52 1024 1110
51 1020 1132
62 1032 1189
76 1026 1191
52 1076 1250
18 1087 1221
48 1087 1205
71 1087 1252
82 1077 1282
19 1138 1296
68 1142 1302
75 1199 1443
41 1200 1374
73 1188 1377
42 1248 1446
65 1263 1387
74 1256 1463
43 1257 1411
53 1250 1436
46 1310 1495
57 1315 1519
26 1315 1500
42 1303 1473
73 1377 1555
78 1378 1559
75 1375 1562
52 1363 1550
42 1414 1587
81 1420 1620
63 1489 1694
56 1479 1664
75 1487 1647
51 1481 1586
74 1490 1628
83 1532 1737
80 1529 1687
62 1541 1662
42 1538 1730
69 1538 1708
70 1604 1773
72 1593 1854
72 1603 1773
17 1593 1657
48 1660 1793
52 1699 1859
47 1710 1944
72 1703 1889
66 1704 1871
64 1713 1937
33 1775 1959
67 1768 1870
90 1813 1976
68 1830 2047
86 1823 2050
73 1871 2103
75 1938 2170
42 1941 2122
59 1935 2132
53 1944 2141
58 1995 2134
65 2003 2208
72 2003 2211
68 1988 2176
59 2051 2270
13 2057 2134
41 2055 2216
67 2049 2164
40 2108 2256
55 2110 2324
45 2155 2337
39 2175 2325
52 2228 2401
70 2226 2384
2 2227 2343
65 2213 2356
84 2282 2422
71 2287 2413
75 2276 2433
57 2288 2416
73 2332 2490
72 2327 2560
69 2346 2562
78 2343 2604
98 2387 2633
32 2461 2721
67 2445 2628
44 2446 2638
67 2502 2748
52 2498 2686