200
70 14 264
83 0 308
44 5 234
52 9 179
71 10 295
50 61 332
46 83 304
58 76 402
48 158 473
67 156 419
93 236 561
71 223 354
93 223 425
80 229 478
93 222 440
26 293 601
37 309 484
51 299 446
50 310 424
88 298 523
82 378 546
64 368 531
75 377 545
96 392 686
150 390 645
86 443 733
69 465 640
87 446 687
50 460 658
58 454 752
95 534 779
54 519 685
68 544 823
68 544 805
104 544 765
50 601 772
72 606 879
54 595 797
66 613 775
36 617 821
41 683 785
64 697 981
59 693 902
70 681 930
74 760 1050
75 749 907
45 774 877
83 762 976
45 837 1083
75 832 1150
48 825 1049
38 836 1092
59 916 1207
73 905 1100
60 899 1082
35 978 1137
48 995 1198
68 979 1255
62 977 1252
58 991 1193
82 1072 1319
70 1075 1371
73 1075 1335
102 1075 1454
47 1076 1282
49 1129 1350
69 1140 1358
36 1137 1263
97 1210 1507
32 1216 1375
50 1211 1450
45 1205 1439
77 1293 1481
69 1282 1475
45 1302 1651
72 1306 1530
56 1355 1588
61 1355 1601
65 1366 1644
71 1372 1597
73 1431 1704
90 1431 1628
67 1454 1763
97 1429 1797
53 1448 1696
78 1517 1783
18 1514 1733
34 1534 1698
45 1523 1743
148 1518 1830
82 1584 1819
97 1594 1877
71 1587 1761
86 1581 1853
35 1581 1722
104 1672 1820
103 1736 2072
97 1759 2064
66 1752 1954
30 1762 1973
45 1824 2019
103 1835 2106
31 1812 2021
21 1818 2023
62 1820 2016
46 1904 2156
64 1886 2063
106 1898 2175
61 1908 2217
64 1900 2121
44 1966 2084
107 1967 2183
90 1965 2250
42 1961 2125
80 1968 2239
77 2056 2304
114 2136 2492
32 2133 2397
120 2117 2380
54 2119 2320
87 2201 2524
62 2197 2477
54 2213 2509
107 2200 2382
58 2196 2362
22 2272 2377
39 2277 2503
109 2293 2630
41 2348 2569
79 2365 2581
119 2362 2648
69 2357 2716
50 2426 2578
30 2439 2582
81 2446 2578
72 2446 2644
88 2514 2713
78 2517 2766
66 2499 2689
70 2521 2635
72 2589 2721
56 2579 2742
92 2579 2810
2 2583 2694
24 2579 2698
72 2651 2872
46 2655 2882
59 2650 2880
41 2737 2998
80 2748 3061
63 2731 2966
76 2722 2907
114 2819 3116
52 2809 3099
65 2805 3015
34 2894 3042
66 2886 3096
73 2878 3226
31 2887 3056
50 2882 3059
122 2959 3258
61 2961 3258
115 2966 3311
29 2950 3122
57 2956 3146
94 3049 3200
102 3035 3249
54 3034 3292
79 3027 3235
87 3035 3420
92 3104 3464
55 3116 3414
55 3196 3487
58 3205 3489
84 3192 3493
34 3266 3505
60 3256 3480
74 3264 3579
66 3261 3540
91 3255 3517
106 3341 3703
47 3331 3467
78 3341 3529
75 3344 3648
79 3407 3572
80 3408 3633
39 3423 3553
37 3417 3520
37 3485 3666
59 3483 3737
71 3566 3754
48 3557 3643
34 3647 3838
74 3658 3888
110 3640 3980
77 3660 3960
64 3717 3928
39 3720 3968
78 3724 3987
50 3737 3973