250
72 2 173
76 1 335
113 8 265
106 4 336
59 4 217
131 89 321
108 92 369
93 83 437
105 193 676
2 187 438
69 278 568
101 294 597
113 387 795
120 386 744
104 371 522
109 377 681
103 454 778
73 464 764
156 475 825
129 456 823
113 550 895
49 559 839
89 554 781
44 575 844
77 552 833
71 665 1006
81 653 843
80 672 973
111 744 1109
48 750 925
92 769 1017
79 769 1106
55 830 1189
56 837 1027
162 831 1227
41 859 1173
64 942 1217
94 946 1275
130 939 1334
123 939 1203
112 1025 1354
119 1042 1376
64 1018 1316
101 1048 1420
61 1047 1304
88 1144 1471
61 1143 1410
129 1129 1600
113 1143 1357
116 1112 1425
51 1221 1378
56 1226 1521
65 1227 1479
80 1233 1505
138 1234 1619
121 1328 1678
102 1398 1644
102 1425 1648
101 1404 1827
96 1415 1721
62 1503 1727
54 1493 1777
73 1513 1781
87 1501 1789
136 1516 1846
123 1582 1859
28 1595 1797
73 1604 1828
116 1685 2103
38 1675 1859
116 1709 1951
82 1703 2073
74 1798 2091
144 1786 2098
120 1779 2125
68 1880 2104
151 1864 2292
43 1880 2147
48 1874 2223
85 1878 2145
106 1981 2239
134 1959 2206
116 1972 2270
58 1982 2244
65 2062 2310
79 2160 2356
104 2162 2540
52 2165 2443
119 2266 2618
19 2269 2472
154 2267 2722
152 2256 2584
110 2347 2705
130 2347 2553
77 2365 2669
71 2348 2566
107 2447 2718
69 2433 2648
72 2457 2739
171 2426 2808
53 2520 2837
93 2545 2824
130 2553 2854
36 2533 2788
36 2521 2788
73 2620 2909
99 2643 2988
45 2633 2762
113 2636 3014
72 2626 2928
69 2714 2989
95 2739 3090
122 2717 3098
72 2710 2954
168 2739 3074
126 2815 3114
58 2907 3287
124 2918 3281
135 2927 3320
44 2928 3227
152 2995 3358
134 3021 3349
104 3017 3305
153 3013 3335
81 3119 3376
55 3210 3437
87 3190 3387
143 3206 3476
54 3201 3429
86 3201 3514
104 3272 3608
112 3298 3583
141 3280 3623
107 3286 3712
35 3285 3574
33 3369 3550
79 3369 3746
105 3392 3704
127 3399 3761
51 3376 3604
79 3485 3852
82 3479 3834
126 3471 3750
65 3485 3716
40 3490 3725
108 3576 3966
98 3581 3945
133 3556 3865
110 3584 4016
73 3588 3853
185 3674 4007
97 3666 4058
69 3651 3979
74 3651 3955
117 3674 4020
148 3757 4125
145 3865 4292
104 3848 4095
66 3844 4181
88 3857 4288
124 3958 4283
45 3962 4192
73 3944 4316
159 3941 4248
110 3934 4290
77 4046 4454
109 4051 4373
109 4038 4239
84 4145 4438
80 4137 4397
145 4123 4462
126 4118 4545
123 4218 4546
118 4223 4605
114 4226 4525
125 4325 4751
108 4400 4724
34 4424 4670
95 4427 4678
152 4420 4778
54 4512 4758
98 4527 4957
89 4500 4850
54 4499 4744
104 4597 4937
106 4589 4860
56 4589 4822
76 4614 4845
54 4709 4857
79 4716 4981
88 4808 5148
187 4807 5353
114 4885 5230
170 4905 5324
67 4889 5184
81 4886 5254
108 4983 5297
102 4965 5207
92 4994 5293
118 4974 5246
92 5081 5373
87 5067 5388
115 5089 5447
104 5087 5373
130 5171 5559
164 5169 5627
92 5163 5419
81 5175 5479
115 5253 5591
171 5263 5674
114 5276 5599
89 5273 5558
41 5341 5531
80 5363 5640
89 5372 5652
99 5370 5737
89 5469 5694
84 5436 5693
121 5448 5774
59 5435 5726
50 5553 5813
23 5532 5808
51 5559 5909
103 5544 5839
90 5629 5908
94 5655 6040
90 5639 6031
171 5633 6036
139 5728 6053
81 5726 5978
82 5820 6091
104 5842 6180
120 5820 6126
85 5833 6147
78 5836 6220
88 5933 6242
101 6008 6330
93 6031 6272
99 6027 6412
71 6000 6364
49 6125 6300
79 6103 6263
48 6114 6253
114 6114 6559
114 6112 6460
76 6188 6471
93 6220 6494
123 6205 6525
73 6293 6598
64 6292 6587