300
225 15 467
61 13 361
65 19 283
142 15 437
142 20 391
117 121 572
187 107 622
94 108 473
147 246 637
154 233 576
90 207 588
88 240 598
105 347 772
125 341 610
41 357 700
151 461 910
152 584 940
30 544 843
106 546 878
150 550 975
67 676 892
119 694 1158
100 684 886
110 665 951
142 684 1050
52 807 1089
81 810 1043
104 807 1188
88 772 998
187 802 1178
54 904 1206
174 907 1303
93 1001 1299
81 1017 1320
39 1011 1338
68 1038 1322
67 1139 1413
137 1109 1556
102 1125 1340
162 1133 1555
55 1239 1579
101 1246 1574
137 1239 1629
56 1239 1552
186 1347 1809
62 1338 1620
141 1373 1667
94 1377 1697
80 1486 1724
62 1475 1766
164 1586 2066
111 1584 1931
153 1695 2155
101 1698 2044
116 1684 1981
59 1786 2135
45 1787 2041
174 1807 2280
77 1808 2197
133 1802 2044
136 1930 2365
92 1920 2310
109 1925 2357
79 1913 2167
101 1918 2188
111 2024 2332
68 2028 2292
132 2029 2355
114 2048 2412
90 2036 2346
86 2126 2423
130 2154 2574
109 2131 2496
148 2159 2538
96 2163 2500
100 2269 2545
89 2250 2555
153 2249 2600
81 2249 2592
66 2264 2500
149 2394 2787
79 2379 2626
75 2365 2619
157 2386 2809
101 2478 2700
177 2468 2851
184 2478 2911
108 2494 2913
60 2577 2850
116 2589 2932
166 2722 3214
105 2732 2970
72 2805 3102
86 2820 3360
32 2830 3085
97 2803 3171
104 2926 3315
122 2942 3318
137 2953 3329
69 2956 3217
115 3054 3466
25 3057 3350
109 3056 3413
140 3060 3377
99 3180 3454
123 3292 3636
152 3290 3674
171 3259 3578
156 3410 3743
189 3377 3806
108 3522 3756
70 3499 3850
123 3629 3987
119 3635 3943
47 3602 3807
92 3744 4070
187 3826 4259
107 3861 4199
67 3853 4118
190 3859 4270
62 3942 4111
24 3961 4262
82 3934 4233
191 3966 4362
46 3936 4206
38 4076 4324
148 4046 4462
30 4089 4233
83 4078 4373
82 4053 4496
107 4196 4641
98 4188 4714
147 4194 4671
116 4166 4628
164 4192 4612
198 4286 4709
92 4421 4718
89 4396 4753
144 4403 4910
106 4402 4746
112 4521 4816
58 4501 4843
54 4536 4846
134 4509 4860
41 4535 4784
139 4653 4896
162 4634 5124
160 4619 4863
126 4764 5187
80 4767 5086
104 4724 5086
100 4735 5027
154 4846 5152
133 4842 5304
119 4878 5181
91 4960 5365
96 5081 5525
99 5092 5373
80 5067 5411
107 5075 5438
146 5197 5512
122 5207 5485
136 5208 5511
80 5213 5518
105 5296 5592
48 5295 5502
59 5298 5566
65 5310 5685
82 5439 5779
181 5419 5795
165 5442 5831
124 5427 5902
109 5518 5783
130 5522 5808
33 5546 5825
19 5655 5773
27 5778 6083
130 5772 6039
52 5782 6070
122 5763 6208
77 5879 6223
159 5877 6268
166 5871 6379
98 5857 6205
114 5879 6269
139 5997 6462
131 5976 6413
112 5999 6289
117 6105 6426
121 6088 6494
199 6205 6697
182 6207 6649
102 6214 6587
160 6198 6636
72 6234 6556
108 6344 6612
76 6427 6665
131 6457 6841
134 6440 6842
158 6441 6962
108 6536 6974
122 6558 6871
92 6564 6940
110 6540 6902
98 6680 6910
130 6679 6980
137 6661 7104
109 6687 6964
109 6773 7026
90 6769 7096
111 6893 7233
72 6872 7271
75 6874 7089
102 6911 7286
183 6896 7334
92 6999 7417
74 7019 7295
151 6989 7452
28 6990 7269
67 6998 7310
153 7107 7548
149 7126 7584
96 7127 7430
3 7106 7275
191 7245 7816
90 7340 7781
154 7327 7811
79 7339 7576
130 7363 7665
119 7357 7722
106 7461 7862
78 7476 7858
111 7453 7841
69 7479 7793
26 7471 7839
85 7556 7896
91 7672 7964
118 7702 8070
149 7689 7981
92 7695 8030
75 7783 8088
158 7807 8219
98 7778 8070
111 7779 8086
88 7811 8142
63 7931 8125
162 7929 8147
62 7912 8176
2 7906 8228
120 7907 8169
117 8021 8427
168 8001 8502
101 8001 8318
106 8031 8331
97 8013 8401
101 8144 8430
119 8257 8573
80 8267 8483
33 8265 8529
26 8242 8397
118 8347 8702
164 8358 8736
110 8363 8688
72 8368 8633
179 8340 8683
116 8468 8884
123 8465 8894
73 8481 8916
79 8596 8949
109 8597 9005
128 8586 8827
135 8586 8914
134 8716 9160
151 8680 9103
99 8715 9038
44 8803 9096
98 8823 9133
44 8796 9094
134 8814 9101
160 8811 9288
90 8925 9329
91 8911 9274
164 8917 9341
64 8918 9213
127 8909 9227
90 9024 9300
84 9024 9410
124 9054 9430
32 9019 9377
117 9054 9511
110 9165 9603
209 9154 9589
58 9164 9559
145 9155 9592
117 9159 9518
110 9274 9614
150 9269 9687
145 9255 9643
129 9268 9599
79 9282 9627