350
158 3 462
165 25 431
95 7 458
91 2 432
214 139 623
109 144 675
136 114 525
171 131 707
142 246 674
175 275 667
182 385 819
171 375 873
226 526 1051
157 503 1069
87 545 959
147 518 773
127 683 1111
131 657 1025
218 645 1230
130 643 1189
197 777 1393
199 771 1233
198 798 1248
161 807 1205
172 773 1266
181 901 1453
143 917 1323
136 937 1402
116 1080 1590
142 1055 1369
114 1032 1405
134 1050 1365
217 1203 1710
128 1189 1626
206 1185 1765
210 1303 1746
162 1465 1944
185 1475 1984
108 1444 1828
100 1460 1895
211 1601 2030
128 1565 1761
207 1598 1978
116 1565 2022
94 1704 2160
183 1722 2296
147 1735 2262
59 1710 2152
196 1836 2502
135 1839 2324
176 1872 2297
156 1855 2135
127 1965 2279
145 1984 2503
152 2002 2555
124 2091 2539
59 2265 2581
104 2222 2745
162 2225 2561
161 2240 2602
178 2365 2748
226 2395 2858
155 2371 2822
167 2373 2842
180 2502 2932
114 2621 3021
105 2645 3123
150 2664 3135
198 2626 3286
163 2634 3096
192 2764 3484
147 2762 3056
80 2781 3065
177 2767 3202
227 2795 3302
178 2894 3513
193 2889 3199
155 2887 3396
86 2918 3248
148 2925 3320
179 3039 3527
217 3010 3631
199 3024 3461
203 3011 3569
106 3042 3436
204 3152 3713
241 3152 3606
182 3179 3673
130 3142 3542
235 3179 3642
161 3318 3713
100 3301 3773
135 3290 3792
97 3290 3575
142 3325 3870
141 3439 3785
161 3582 4102
169 3566 4058
198 3539 3847
102 3547 3923
128 3699 4095
127 3685 4057
150 3721 4200
200 3705 4225
87 3705 4064
72 3830 4007
159 3820 4232
119 3805 4411
180 3838 4295
116 3841 4352
199 3949 4489
154 3949 4382
173 3969 4395
122 3970 4307
254 3945 4312
156 4081 4634
115 4248 4685
229 4222 4867
75 4216 4606
191 4212 4807
123 4379 4805
127 4338 4712
229 4334 4693
107 4360 4738
147 4357 4761
94 4492 4833
134 4474 4803
218 4474 5035
216 4612 4894
137 4598 5076
137 4626 5076
247 4633 5318
192 4749 5303
95 4762 5150
218 4763 5225
164 4772 5165
161 4864 5209
128 4862 5255
110 4861 5281
192 4866 5348
103 5038 5501
121 5007 5403
176 4998 5418
105 4999 5390
158 5139 5646
106 5264 5719
98 5288 5546
159 5271 5726
144 5302 5698
139 5281 5561
133 5408 5720
154 5434 5851
137 5437 5928
102 5409 5656
176 5409 5772
126 5563 5907
191 5547 6020
178 5559 5935
233 5533 6070
195 5547 6048
82 5651 6127
132 5650 6036
207 5659 6251
70 5662 6051
153 5793 6190
101 5943 6303
132 5963 6297
205 5947 6372
175 5961 6435
177 5958 6383
121 6075 6320
156 6078 6443
133 6200 6622
188 6205 6636
173 6181 6650
187 6310 6903
156 6490 6863
197 6459 6873
194 6488 6945
93 6455 6712
181 6594 7129
194 6601 7002
127 6593 7042
117 6623 6998
149 6753 7109
189 6706 7103
138 6723 7108
197 6713 7170
113 6876 7290
131 6849 7259
14 7017 7303
87 7001 7341
184 7152 7600
214 7119 7588
196 7143 7676
135 7243 7790
93 7272 7585
156 7279 7638
213 7260 7790
107 7253 7609
169 7412 7933
138 7385 7815
145 7405 7883
180 7371 7841
185 7538 7993
193 7672 8283
175 7634 8071
159 7658 8142
200 7791 8301
169 7812 8268
133 7898 8116
179 7931 8453
205 7918 8418
141 7918 8368
205 7944 8292
129 8053 8388
115 8064 8575
176 8050 8507
104 8029 8318
204 8031 8483
170 8204 8764
138 8164 8622
128 8201 8521
153 8169 8581
25 8329 8746
113 8439 8857
77 8433 8828
175 8428 8831
119 8441 8856
137 8441 9053
170 8573 9191
158 8599 9073
149 8558 9149
141 8564 8939
184 8578 9118
32 8716 8957
153 8726 9116
155 8737 9103
59 8701 9026
151 8714 9173
135 8839 9213
196 8836 9350
147 8853 9348
218 8860 9311
207 8990 9566
152 8956 9507
91 8989 9254
240 8993 9609
223 9104 9685
167 9122 9528
184 9098 9542
130 9089 9534
202 9232 9831
133 9257 9844
158 9222 9536
184 9231 9714
67 9393 9586
158 9366 9928
173 9356 9828
102 9377 9764
47 9517 9844
65 9510 9770
146 9505 9956
226 9513 10042
156 9643 10304
59 9615 9864
89 9633 9856
166 9643 10178
153 9751 10037
133 9792 10223
122 9757 10110
169 9781 10332
71 9889 10201
86 9899 10376
86 9902 10231
182 10054 10508
132 10013 10390
198 10010 10494
225 10021 10491
108 10015 10370
171 10156 10592
139 10152 10608
178 10157 10545
182 10156 10661
234 10162 10666
142 10287 10630
148 10312 10818
148 10305 10730
107 10447 10766
262 10444 11106
164 10539 10975
133 10581 11017
177 10574 11011
204 10567 11086
165 10543 10944
151 10682 11156
142 10698 11185
125 10677 11005
184 10701 11260
140 10668 11065
120 10802 11271
178 10802 11356
59 10814 11199
2 10847 11110
180 10943 11464
149 10963 11304
161 10930 11437
127 10935 11413
156 11106 11602
151 11090 11380
251 11221 11853
180 11224 11769
113 11224 11535
231 11209 11642
144 11219 11605
114 11345 11700
152 11351 11832
212 11360 11828
145 11339 11701
91 11367 11673
190 11503 11888
85 11488 11875
197 11459 11913
207 11483 12084
128 11458 11881
170 11635 12034
114 11622 12057
164 11602 11952
128 11765 12218
149 11761 12254
150 11737 12156
183 11769 12250
124 11888 12276
162 11882 12402
172 11879 12301
114 11882 12343
94 11994 12278
161 12006 12398
105 11986 12308
150 12003 12341
178 12127 12505
124 12160 12506
199 12134 12589
63 12159 12427
203 12287 12781
132 12290 12575
231 12277 12889
191 12301 12624
144 12400 12736
95 12387 12729