400
185 20 545
211 15 513
134 14 379
181 12 580
125 14 470
139 174 644
84 160 671
117 133 607
168 304 831
237 316 908
150 469 948
141 425 955
110 585 953
149 616 1202
252 619 1293
222 732 1297
203 740 1185
283 728 1427
190 760 1172
161 727 1150
100 914 1404
209 892 1427
153 902 1212
139 935 1386
117 1068 1559
220 1085 1835
218 1041 1477
142 1045 1551
82 1213 1697
153 1219 1748
160 1330 1820
161 1358 1675
57 1506 1893
185 1498 1997
212 1492 1978
75 1499 1885
185 1632 2009
194 1646 2140
116 1658 2112
243 1645 2191
189 1790 2318
82 1841 2386
117 1805 2203
156 1786 2178
149 1838 2356
87 1959 2365
159 1974 2509
225 1950 2400
180 2104 2737
119 2122 2469
115 2239 2732
77 2290 2665
226 2257 2860
171 2249 2745
117 2277 2672
64 2404 2784
145 2594 3005
72 2555 2827
154 2560 3111
92 2537 2981
116 2711 3259
130 2708 3202
219 2742 3190
161 2727 3240
165 2688 3173
108 2872 3345
181 2867 3408
174 2883 3338
126 3039 3565
105 2991 3481
39 3026 3437
202 2995 3526
173 3160 3725
228 3181 3776
120 3184 3612
161 3309 3774
203 3304 3764
101 3320 3706
184 3301 3754
85 3307 3633
153 3498 3924
54 3497 3872
195 3488 4109
125 3497 3979
94 3621 4041
138 3791 4322
196 3748 4233
169 3767 4313
191 3786 4258
142 3758 4410
117 3901 4332
125 3906 4282
130 4091 4449
154 4100 4753
95 4093 4540
180 4054 4573
141 4244 4698
150 4243 4791
170 4248 4743
123 4249 4612
123 4375 4799
130 4371 4576
90 4405 4773
107 4404 4731
200 4357 4900
85 4548 4915
265 4537 5011
142 4551 5053
115 4690 5121
139 4704 5169
134 4687 5171
152 4695 5243
107 4827 5241
150 4835 5297
171 4807 5347
113 4834 5261
187 4998 5532
138 4980 5472
219 4974 5622
222 4977 5633
100 5156 5593
158 5144 5496
127 5122 5581
120 5148 5654
16 5301 5537
205 5426 5982
176 5455 6002
134 5451 5975
92 5423 5907
135 5442 5925
123 5606 6010
162 5615 6272
245 5735 6271
203 5710 6272
119 5723 6211
147 5868 6330
295 5908 6551
175 5903 6264
88 5869 6251
217 5865 6465
123 6052 6399
138 6044 6497
233 6050 6689
160 6040 6603
195 6162 6654
144 6367 6861
92 6354 6796
212 6330 6888
110 6369 6897
54 6317 6755
133 6509 6829
97 6472 6905
135 6477 7023
109 6495 6940
121 6514 6934
138 6624 7165
185 6820 7260
16 6788 7183
149 6774 7205
158 6792 7271
80 6927 7368
152 6964 7538
188 6955 7522
127 6970 7389
285 6924 7566
95 7119 7655
127 7120 7748
205 7111 7674
183 7103 7692
71 7117 7423
101 7220 7574
26 7272 7687
167 7236 7823
141 7253 7886
136 7241 7680
144 7410 7901
188 7574 8033
139 7560 8002
241 7546 8034
205 7548 7922
94 7699 8022
200 7709 8063
149 7710 8328
122 7681 8242
196 7687 8013
127 7830 8403
131 7829 8388
184 7830 8325
145 7987 8445
243 8013 8713
144 8134 8723
110 8148 8584
104 8153 8580
233 8168 8885
230 8181 8823
189 8327 8778
177 8317 8789
205 8300 8819
189 8280 8745
138 8315 8668
164 8472 9047
154 8467 8866
123 8454 8922
244 8466 9009
130 8636 8978
156 8777 9314
202 8782 9285
103 8770 9145
109 8764 9166
160 8766 9387
99 8929 9414
66 8914 9233
191 9066 9588
186 9067 9478
241 9085 9702
135 9237 9752
199 9223 9751
113 9184 9631
96 9190 9802
121 9227 9664
177 9374 9863
114 9357 9748
117 9376 9824
164 9351 9767
87 9486 9901
183 9541 10081
114 9532 9957
101 9489 9948
214 9684 10167
133 9692 10208
56 9649 9970
142 9673 10243
143 9843 10221
154 9791 10273
121 9835 10421
147 9821 10267
2 9968 10215
184 9968 10430
165 9938 10418
51 9976 10421
184 10146 10745
275 10146 10772
124 10134 10607
84 10127 10530
31 10138 10521
200 10263 10747
54 10258 10633
171 10286 10868
90 10266 10659
74 10273 10680
196 10400 10935
93 10410 10996
174 10569 11055
221 10565 11213
166 10563 10972
101 10742 11164
131 10734 11119
87 10727 11219
62 10743 11087
194 10702 11208
202 10893 11280
126 10865 11348
131 10842 11344
93 10893 11310
105 10857 11305
138 11042 11593
219 10996 11576
97 11040 11315
213 11011 11579
123 11005 11509
197 11145 11671
169 11166 11796
163 11296 11842
156 11322 12050
197 11338 11793
126 11499 11963
128 11454 11979
189 11499 11937
55 11483 11907
122 11461 12026
131 11644 12106
145 11655 12225
133 11644 12160
142 11599 12174
118 11599 12055
163 11795 12227
196 11787 12286
124 11785 12305
139 11807 12249
99 11772 12168
271 11939 12483
174 11925 12507
146 12076 12540
79 12071 12457
264 12056 12705
117 12062 12577
97 12210 12911
99 12206 12716
164 12244 12800
146 12243 12721
164 12391 12843
209 12368 12986
127 12396 12779
170 12362 12792
177 12382 12790
91 12505 13086
180 12546 13080
75 12525 12915
234 12710 13119
223 12670 13267
217 12846 13349
76 12840 13104
130 12998 13585
120 12991 13524
96 13008 13437
184 12959 13573
131 13139 13623
180 13161 13624
213 13152 13768
192 13150 13761
136 13274 13754
146 13289 13763
133 13315 13888
86 13261 13750
105 13276 13762
239 13465 14069
138 13423 13853
125 13447 13905
98 13571 14039
103 13592 14052
159 13729 14139
160 13711 14242
112 13866 14377
98 13895 14375
199 13897 14548
222 14041 14518
175 14034 14645
174 14052 14575
241 14037 14659
167 14030 14447
86 14172 14537
167 14186 14604
90 14175 14727
225 14217 14878
166 14192 14728
92 14343 14777
171 14369 14912
131 14359 14726
172 14345 14817
176 14373 14840
180 14516 14997
79 14480 14977
229 14474 15003
124 14482 14888
159 14522 14801
212 14631 15010
178 14800 15398
173 14798 15366
110 14784 15322
180 14787 15146
206 14968 15529
113 14933 15466
214 14931 15557
221 14944 15590
159 14950 15310
126 15104 15550
93 15111 15377
155 15115 15627
171 15225 15662
118 15274 15847
183 15233 15706
171 15277 15766
249 15395 16025
182 15375 15987
221 15393 15748
127 15570 15939
140 15703 16134
161 15707 16245
121 15714 16265
163 15725 16250
57 15851 16378
172 15852 16431
87 15856 16176
224 15879 16276
163 15998 16528
164 16128 16557
101 16169 16473
162 16154 16585
156 16299 16870
151 16317 16769
162 16278 16831
130 16331 16771
206 16487 16925
300 16434 17216
195 16441 16815
110 16596 17169
120 16786 17147
83 16756 17050
108 16787 17135
92 16767 17189