450
120 0 639
131 23 452
221 4 569
226 28 612
222 182 616
165 327 765
164 351 711
108 355 906
175 477 1109
188 495 1085
180 685 1374
128 660 1005
177 678 1107
171 670 1157
106 655 1163
106 843 1435
214 831 1401
142 842 1337
75 844 1127
175 848 1363
109 1024 1560
153 1040 1494
177 996 1550
290 1003 1620
97 1186 1520
131 1160 1635
193 1199 1722
231 1164 1868
206 1350 1828
174 1375 2091
134 1381 1951
179 1371 1840
160 1511 2089
53 1529 1972
104 1492 1958
174 1708 2101
128 1838 2329
174 1885 2542
168 1849 2448
177 1871 2456
224 2029 2596
163 2056 2336
75 2003 2456
212 2019 2763
234 2046 2531
209 2206 2880
183 2206 2929
112 2213 2698
133 2348 2676
187 2352 2865
241 2567 3256
196 2521 3176
230 2557 3292
153 2532 3073
189 2550 3108
98 2719 3257
226 2876 3553
166 2896 3435
190 2844 3424
208 2885 3531
129 3061 3681
83 3052 3511
205 3051 3673
67 3057 3448
214 3040 3760
277 3235 3820
176 3203 3732
198 3216 3612
131 3223 3784
199 3209 3904
229 3359 4085
202 3376 3844
55 3518 3917
173 3531 3864
256 3569 4211
101 3747 4211
161 3750 4338
172 3736 4248
274 3729 4487
126 3712 4176
155 3909 4212
199 3898 4461
251 3913 4512
135 3906 4266
169 4086 4707
219 4030 4516
182 4035 4592
245 4046 4749
100 4212 4966
210 4254 4804
151 4400 4802
262 4392 4940
277 4542 5201
147 4591 4942
98 4569 5154
140 4552 5135
218 4713 5336
142 4762 5138
132 4761 5335
203 4719 5406
167 4872 5387
108 4894 5344
257 4888 5487
140 4878 5536
233 5081 5850
263 5221 6030
250 5265 5878
168 5223 5808
13 5235 5684
203 5240 5934
172 5440 5886
295 5408 5993
80 5606 6057
157 5576 5902
114 5577 5932
271 5603 6278
200 5731 6411
154 5723 6140
168 5743 6376
235 5778 6246
180 5886 6366
256 5933 6647
118 5903 6372
85 5910 6429
308 5897 6587
125 6099 6630
175 6075 6614
103 6055 6534
93 6223 6875
236 6271 6860
75 6240 6793
170 6239 6951
263 6422 7146
199 6410 7015
52 6415 7074
297 6432 7080
151 6597 7136
80 6593 6997
249 6611 7229
175 6620 7092
182 6771 7415
160 6738 7316
226 6744 7345
149 6737 7258
276 6953 7517
207 7073 7547
188 7065 7931
225 7117 7808
180 7078 7797
151 7101 7619
114 7268 7880
269 7286 8000
186 7437 8004
253 7404 7902
162 7468 7807
154 7418 8137
195 7576 8163
163 7637 8184
151 7581 8064
121 7604 8129
153 7743 8181
251 7794 8382
108 7789 8091
235 7773 8547
109 7931 8256
187 7930 8467
83 7927 8414
130 7975 8440
175 8109 8627
152 8082 8591
177 8138 8706
228 8110 8518
170 8305 8931
174 8304 8735
139 8258 8845
240 8304 8990
297 8455 9223
227 8424 9120
161 8436 9046
163 8424 8912
162 8650 9382
184 8624 9159
140 8629 9200
142 8646 9195
241 8647 9198
300 8759 9466
186 8795 9320
199 8785 9497
195 8816 9403
171 8814 9340
143 8942 9561
240 8956 9705
135 8966 9359
169 8964 9622
268 8968 9419
140 9116 9700
80 9281 9705
160 9282 9586
191 9301 9841
84 9265 9813
182 9466 9732
231 9474 10049
150 9450 9909
227 9491 10202
158 9437 9914
238 9656 10399
197 9630 10426
117 9663 10357
268 9773 10333
240 9833 10565
145 9974 10483
120 9970 10428
207 10115 10610
132 10152 10904
118 10171 10662
312 10320 11124
86 10475 11000
213 10479 11191
132 10465 10911
162 10449 11054
128 10642 10960
241 10654 11343
232 10657 11200
194 10649 11318
179 10625 11326
129 10848 11330
148 10846 11353
61 10787 11229
165 10844 11499
195 10843 11439
201 10966 11535
201 10993 11474
135 11185 11732
238 11178 11815
237 11150 11603
219 11125 11731
165 11323 11839
111 11348 11859
187 11311 11862
236 11299 11835
174 11523 11951
172 11521 12146
163 11516 12085
127 11524 11978
135 11661 12238
146 11668 12253
162 11684 11976
73 11680 12121
168 11820 12493
141 11859 12255
179 11803 12335
172 11855 12428
123 12022 12615
194 12011 12499
194 11980 12483
267 12200 12670
207 12139 12906
233 12171 12740
286 12181 12832
174 12195 12663
210 12310 12781
185 12369 13069
208 12356 13136
287 12360 13031
197 12526 13122
129 12496 12930
136 12508 13085
157 12478 12969
84 12657 13214
292 12682 13473
318 12682 13523
254 12662 13390
142 12830 13435
266 12856 13562
113 12872 13390
337 13001 13535
248 13020 13492
215 13030 13609
152 12993 13641
197 13021 13726
216 13174 13696
168 13151 13653
160 13205 13635
101 13186 13692
189 13379 13964
212 13348 13906
232 13329 13983
112 13341 14031
125 13510 14250
144 13529 14164
138 13500 13935
234 13535 14023
232 13694 14292
164 13697 14118
168 13715 14196
260 13870 14355
251 14048 14788
126 14039 14499
198 14050 14508
269 14025 14583
127 14214 14805
215 14167 14743
119 14192 14576
143 14225 14690
156 14396 14940
86 14335 14888
108 14358 14866
121 14371 14924
112 14566 14938
153 14563 15206
182 14524 14962
133 14536 14993
185 14711 15184
156 14691 15209
141 14732 15264
198 14723 15419
272 14879 15546
103 14863 15330
193 14892 15476
180 14843 15188
212 15031 15726
32 15024 15502
143 15060 15647
126 15039 15593
290 15213 15926
224 15369 15925
160 15397 16023
69 15396 15810
170 15525 15989
115 15523 16075
148 15577 16126
203 15539 16120
247 15729 16165
198 15692 16309
138 15733 16192
166 15685 16234
227 15893 16538
114 15874 16433
153 15914 16336
132 15878 16447
103 16035 16465
111 16073 16604
263 16069 16793
173 16058 16715
227 16028 16654
101 16252 16745
244 16247 16785
136 16211 16575
213 16199 16864
188 16244 16693
293 16409 17167
192 16360 16889
241 16361 17085
302 16379 17240
223 16383 16974
252 16546 17247
70 16757 17153
159 16702 17120
188 16761 17344
219 16702 17264
145 16885 17514
174 16894 17500
176 16921 17505
272 16918 17491
99 17077 17410
189 17097 17659
132 17039 17591
57 17078 17540
141 17211 17732
112 17217 17681
203 17438 17966
205 17374 17769
198 17406 17923
183 17405 17908
81 17398 17849
128 17569 18217
115 17731 18317
214 17758 18356
213 17758 18442
219 17741 18281
201 17916 18678
123 17935 18704
159 17944 18398
215 17889 18578
157 18076 18638
203 18259 18962
38 18256 18688
266 18267 18906
186 18397 18835
214 18420 19125
127 18596 19191
69 18596 18967
194 18600 18898
253 18604 19321
186 18607 19389
195 18757 19213
189 18952 19537
238 18936 19617
316 18920 19714
137 18944 19493
216 19126 19616
186 19124 19699
210 19067 19879
113 19093 19586
118 19088 19559
198 19251 19948
2 19233 19684
7 19250 19532
167 19406 19879
172 19444 19916
270 19451 20119
258 19443 20106
157 19572 20106
272 19582 20305
207 19633 20165
285 19802 20380
288 19947 20530
304 19910 20641
188 19957 20640
133 19936 20441
246 20109 20687
119 20124 20489
153 20130 20499
80 20112 20709
89 20288 20807
139 20280 20964
127 20305 20740
174 20311 20881
237 20433 20895
103 20472 21006
152 20430 21066
126 20461 20879
151 20638 21140
188 20645 21193
177 20619 21179
124 20802 21353
220 20944 21577
137 20932 21376
190 20953 21611
273 20975 21549
153 21092 21663
40 21115 21599
213 21119 21616
325 21143 21925
198 21282 21874
214 21435 22004
64 21492 21829
193 21468 22118
157 21487 22055
92 21458 22045