50
13 2 48
2 1 48
23 1 88
23 0 53
21 0 77
17 21 99
26 19 97
14 20 43
16 37 106
15 40 110
28 37 111
26 39 88
12 58 106
17 55 106
31 55 127
24 73 148
23 77 150
19 74 137
25 76 158
16 77 147
20 94 161
21 93 150
13 92 175
16 95 145
30 96 144
25 114 187
19 115 152
25 116 183
37 116 210
25 115 180
23 130 208
16 132 184
30 151 224
23 151 233
12 154 211
18 153 213
12 171 220
22 171 250
22 170 254
17 170 237
14 187 234
12 192 240
33 191 269
23 192 261
9 190 232
24 207 263
13 211 302
11 211 274
11 209 276
23 209 304