500
114 26 565
229 17 824
197 21 714
197 1 608
227 221 931
90 358 934
165 408 1049
167 408 1022
152 399 1003
226 351 935
79 559 1077
236 563 1259
179 570 996
210 527 1193
281 553 1357
137 737 1365
215 741 1543
171 781 1174
234 770 1291
299 766 1349
205 907 1511
243 925 1587
109 917 1359
246 974 1661
176 951 1508
172 1125 1776
200 1159 1855
200 1117 1865
137 1308 1745
269 1325 2268
270 1321 2133
186 1337 1916
188 1475 2087
196 1535 2069
211 1495 2280
95 1659 2154
203 1704 2473
134 1679 2019
187 1662 2150
258 1682 2516
186 1900 2698
158 1851 2391
63 1915 2519
202 1867 2307
160 1855 2324
261 2090 2667
249 2078 2700
132 2041 2495
94 2083 2404
186 2079 2923
190 2288 2855
193 2241 2770
190 2291 2790
205 2223 2741
239 2229 2940
82 2431 2923
269 2478 2989
259 2416 3045
236 2417 2968
197 2469 3033
233 2625 3232
147 2632 3097
262 2642 3210
143 2611 3062
233 2667 3187
197 2839 3370
190 2839 3604
121 2795 3204
265 3012 3989
145 2993 3685
128 3039 3506
164 3007 3454
152 3200 3589
206 3161 3662
161 3192 3769
157 3179 3716
123 3396 3961
225 3377 3935
163 3352 4004
93 3378 3854
270 3605 4388
199 3546 3955
109 3566 3948
173 3570 4036
221 3589 4038
105 3779 4349
2 3754 3981
202 3733 4347
198 3912 4701
138 3927 4411
256 3911 4502
199 3962 4691
179 4159 4683
244 4100 4733
189 4132 4776
150 4350 4860
260 4336 4967
134 4346 5058
79 4337 4686
59 4343 4777
127 4489 5157
228 4505 5104
188 4523 5049
213 4532 5125
202 4702 5178
286 4704 5328
189 4733 5562
226 4734 5318
178 4896 5640
181 4907 5537
42 5058 5379
174 5089 5559
200 5288 5872
166 5281 5879
177 5267 5854
190 5275 5919
214 5466 6046
298 5486 6303
183 5475 6040
188 5451 6031
154 5605 6192
158 5660 6212
94 5664 6066
152 5659 6042
202 5835 6485
249 5849 6430
200 5793 6561
167 5840 6578
173 5988 6489
180 5981 6547
199 6176 6633
190 6231 6848
105 6205 6822
239 6199 6974
227 6176 6885
184 6376 6892
120 6593 7178
216 6594 7143
199 6561 7269
209 6575 7131
210 6764 7538
214 6760 7451
121 6804 7434
187 6798 7154
212 6956 7440
136 6948 7266
72 6938 7428
202 6970 7591
133 7112 7375
152 7113 7510
162 7334 7930
204 7301 7851
156 7490 8043
199 7522 8203
162 7535 8058
163 7710 8511
203 7704 8077
177 7718 8075
154 7733 8400
158 7739 8510
223 7916 8463
145 7877 8257
192 7932 8694
113 7920 8563
209 7931 8802
119 8108 8618
156 8113 8583
201 8113 8984
186 8061 8772
200 8116 8782
198 8238 8954
140 8306 8712
123 8455 9095
196 8457 9124
132 8426 8901
191 8453 9147
175 8642 9291
114 8684 9274
166 8656 9219
236 8656 9191
172 8817 9282
243 8819 9419
163 8824 9133
296 8816 9598
243 8864 9544
169 9024 9542
125 9025 9568
230 9027 9749
117 9220 9648
205 9226 9905
160 9377 9794
181 9435 10101
258 9381 10021
131 9422 9979
276 9394 10002
156 9603 10069
169 9808 10538
180 9765 10131
155 9790 10383
248 9769 10476
195 9952 10558
260 9984 10820
168 9990 10622
132 9943 10342
119 10129 10604
178 10157 10774
132 10182 10852
106 10148 10528
189 10313 11061
191 10331 10966
216 10512 11105
154 10505 11308
170 10546 10995
131 10538 10781
145 10522 10765
212 10750 11330
209 10721 11347
181 10682 11051
238 10681 11276
142 10704 11362
162 10921 11326
233 10906 11632
162 10897 11490
108 10925 11436
205 11092 11867
206 11297 11811
137 11285 11780
293 11259 11974
228 11484 12226
125 11490 12194
151 11656 12377
214 11631 12122
111 11670 12029
189 11670 12319
159 11673 12301
194 11862 12507
136 12040 12830
226 12002 12497
233 12024 12750
264 12049 12794
375 12232 13079
125 12219 12638
131 12248 12794
189 12195 12798
146 12385 13123
164 12595 13226
68 12571 13070
194 12596 13384
165 12597 13354
127 12596 13221
177 12782 13212
150 12809 13397
203 12961 13652
234 12985 13772
275 12976 13630
242 12998 13478
167 13192 13967
231 13175 13943
141 13152 13674
212 13178 13788
215 13365 14038
221 13362 14000
217 13311 13888
246 13384 14169
237 13379 13915
190 13537 13975
162 13508 13890
203 13553 14294
184 13499 14155
196 13527 14309
163 13690 14242
272 13743 14405
230 13896 14458
160 13913 14511
211 13935 14690
209 14097 14755
158 14118 14649
135 14091 14759
141 14135 14735
196 14126 14692
177 14319 14967
265 14284 15070
69 14306 14714
216 14264 14947
153 14272 14876
292 14447 15101
180 14444 15254
153 14491 14869
154 14635 15130
220 14682 15149
182 14845 15241
191 14849 15360
184 15016 15522
202 15062 15618
221 15023 15562
269 15260 15821
153 15247 15754
199 15204 15903
141 15230 15930
146 15203 15464
155 15430 16230
150 15382 15839
94 15436 15862
187 15389 16039
204 15591 16119
136 15635 16230
229 15621 16353
248 15627 16206
290 15775 16364
206 15817 16396
282 15778 16424
145 15814 16237
81 15951 16425
194 16006 16587
143 15999 16363
210 16197 17042
215 16132 16831
188 16195 16967
187 16166 16784
171 16136 16580
257 16374 16872
223 16338 17128
133 16336 16721
222 16328 17156
238 16362 16965
270 16522 17240
197 16549 17039
194 16546 16996
162 16754 17345
194 16731 17246
187 16909 17531
87 16903 17415
87 16950 17269
127 16908 17371
235 16918 17574
247 17143 17882
190 17101 17705
264 17081 17900
261 17119 17834
281 17119 18007
83 17291 17877
130 17291 17998
235 17260 17972
181 17273 17930
240 17290 17975
228 17493 18117
218 17480 18403
196 17478 18104
233 17464 18235
220 17476 18227
233 17696 18416
202 17638 18523
183 17676 18228
194 17666 18182
249 17656 18315
128 17879 18379
157 18076 18808
174 18029 18686
238 18012 18599
168 18084 18585
145 18242 18932
290 18199 18879
283 18236 18931
78 18234 18807
112 18453 18860
258 18417 19189
153 18424 18994
98 18428 18974
199 18642 19146
111 18606 19212
255 18813 19346
143 18786 19136
129 18972 19498
233 18977 19716
145 19017 19608
236 19162 19904
215 19358 20076
133 19354 19814
241 19337 20073
121 19385 19915
229 19575 20125
165 19553 20140
224 19534 19944
213 19534 20292
213 19519 19983
123 19725 20417
89 19709 20163
245 19706 20262
210 19729 20580
166 19772 20459
216 19920 20518
189 19904 20353
131 20132 20679
189 20120 20610
214 20128 20558
51 20079 20659
311 20320 21226
253 20314 20905
211 20281 20892
170 20303 20697
221 20484 21105
116 20472 20800
184 20455 20908
166 20467 21052
156 20504 21241
249 20669 21231
190 20674 21466
245 20666 21248
239 20689 21356
173 20667 21067
207 20865 21579
152 20853 21589
257 20867 21464
214 20863 21428
158 20853 21385
191 21083 21856
285 21060 21575
282 21019 21780
147 21036 21705
240 21024 21902
233 21258 21831
184 21278 21770
133 21261 21821
198 21270 22070
228 21234 21910
212 21427 22095
125 21444 22195
173 21432 21824
160 21417 21967
184 21411 21881
129 21597 22011
172 21592 22163
270 21635 22270
263 21610 22243
166 21617 22017
265 21843 22402
180 21962 22581
170 21989 22478
30 21963 22484
154 22017 22509
251 22151 22670
214 22161 22886
264 22202 22750
221 22161 22636
167 22381 22917
217 22393 22893
175 22375 22830
225 22407 23032
199 22536 23365
164 22585 23145
232 22582 23312
177 22539 22894
210 22727 23394
192 22756 23414
214 22775 23415
177 22941 23290
90 23115 23601
241 23106 23497
168 23159 23752
168 23137 23631
178 23295 23804
248 23321 23930
113 23329 23771
174 23325 24053
123 23345 23720
267 23483 24234
216 23517 24099
166 23481 24353
280 23535 24139
90 23473 24099
213 23723 24450
205 23702 24210
184 23659 24167
174 23690 24354
245 23689 24028
189 23906 24421
252 23884 24602
173 23869 24466
223 23846 24433
46 23860 24319
210 24033 24997
219 24043 24684
179 24094 24466
197 24087 24677
92 24093 24449
136 24243 24706
124 24269 24986
67 24228 24718
169 24436 25246
190 24441 25164
217 24622 25349
84 24643 25310
225 24849 25710
103 24795 25531
250 24800 25376
127 25000 25578
90 25020 25668
207 24994 25567
156 24996 25629
122 24974 25474