100
8 0 10
6 1 10
12 3 19
6 5 11
14 6 24
1 9 10
8 10 22
7 13 21
14 13 29
13 14 27
6 22 30
14 24 39
9 24 33
1 27 32
13 27 44
8 29 38
9 36 48
12 37 49
3 38 43
10 39 53
4 42 46
4 43 48
1 45 48
9 45 54
3 47 51
4 48 52
8 50 60
2 50 52
12 53 68
9 53 63
3 54 60
6 57 63
10 58 70
11 60 75
12 62 76
4 63 67
2 67 72
13 68 85
10 69 81
12 77 93
12 79 93
7 81 88
11 83 96
10 83 93
3 85 90
3 87 94
5 89 97
11 90 102
8 93 101
10 95 108
7 95 106
6 96 104
11 97 112
7 100 107
14 101 117
4 108 115
12 108 122
6 111 119
1 113 114
5 115 120
11 116 130
14 117 132
10 120 131
3 121 127
6 123 130
5 123 129
6 125 133
14 125 142
10 132 143
11 134 145
13 135 149
6 136 142
14 142 156
10 144 156
9 145 158
10 148 159
7 151 159
4 154 159
4 155 159
13 157 171
14 160 178
6 162 172
5 162 170
2 163 167
2 165 169
1 165 167
6 165 175
10 165 177
10 173 186
3 175 182
6 177 186
4 177 185
5 178 184
11 178 192
11 181 196
12 182 195
4 184 190
13 186 201
1 189 191
10 195 206
