150
9 0 10
4 0 8
9 4 16
10 5 19
8 7 19
11 10 24
9 11 21
13 14 30
10 15 25
6 17 24
11 20 34
6 20 26
5 24 31
4 27 32
6 29 35
3 29 34
5 30 35
1 32 34
8 33 44
12 34 48
10 38 49
3 39 46
12 41 54
12 42 55
9 44 53
2 46 51
11 46 59
6 51 58
12 55 69
5 55 64
12 56 70
3 56 62
12 63 75
9 63 73
6 63 70
3 64 70
6 66 72
4 67 72
8 71 81
6 74 82
10 75 86
1 76 77
6 77 84
6 79 87
7 79 86
11 80 91
12 81 96
10 88 101
5 88 95
14 89 107
14 94 108
6 97 107
1 99 101
9 100 110
8 100 108
8 101 112
11 106 121
13 109 125
12 113 128
7 116 124
12 116 129
13 116 132
3 117 123
13 126 141
5 127 136
3 129 136
5 129 135
5 131 136
2 131 134
6 132 138
1 132 135
9 135 148
12 135 150
2 141 146
11 141 154
1 142 145
9 143 156
4 145 149
5 147 154
11 147 161
12 149 161
7 152 160
14 153 168
7 157 166
11 159 171
11 160 171
3 165 171
12 165 178
13 170 186
11 171 185
10 173 184
3 178 183
8 178 189
1 178 181
8 180 191
1 182 184
11 186 197
11 187 198
11 190 205
11 190 203
9 193 203
1 194 195
12 197 213
6 199 205
5 199 205
3 200 206
7 202 209
6 205 215
10 206 220
12 206 220
2 208 211
6 208 217
2 210 215
2 212 216
3 213 218
10 214 228
8 214 222
1 217 220
11 218 231
5 221 228
5 222 231
9 226 236
9 227 236
11 227 241
14 231 247
11 233 245
13 240 253
5 241 250
13 244 260
6 247 255
4 249 257
6 250 260
5 250 257
10 250 262
4 251 256
2 252 256
8 256 266
8 256 268
12 256 269
1 258 259
2 259 264
7 262 270
6 264 274
5 265 272
3 267 272
9 270 282
2 272 278
13 273 289
9 276 285
8 278 289
