200
6 0 10
6 1 8
7 2 11
10 2 13
13 5 19
8 7 15
11 9 22
8 10 18
10 14 27
12 16 31
1 22 27
4 24 28
9 26 38
9 27 39
7 28 35
5 28 34
11 32 46
2 32 38
10 33 47
8 33 44
12 38 53
12 41 55
13 43 57
7 47 55
5 49 55
4 50 55
8 51 59
14 53 67
4 53 61
11 56 67
4 61 67
6 63 71
14 63 80
1 64 68
13 65 80
11 68 82
5 73 79
6 75 83
12 76 89
2 78 82
9 80 90
7 81 91
11 82 95
10 87 97
11 87 101
5 89 98
11 91 104
5 91 100
9 94 104
5 98 104
2 98 101
9 99 108
2 101 103
11 103 116
14 106 123
13 106 119
10 110 120
5 112 117
11 114 126
1 115 117
5 117 124
7 118 125
11 123 136
5 124 129
6 126 135
9 126 136
1 128 132
13 128 141
9 129 138
4 137 141
7 138 145
14 139 153
3 140 146
7 142 152
1 143 145
2 144 150
10 146 156
11 148 163
14 149 166
7 150 159
12 155 171
8 155 164
3 158 161
7 159 166
1 163 165
3 164 169
12 164 180
3 166 170
7 171 181
7 171 179
9 171 182
2 174 180
7 175 182
10 176 189
3 179 186
1 180 184
14 181 199
2 182 185
14 182 199
11 186 201
7 187 197
5 187 192
12 194 208
1 194 196
12 197 211
3 198 204
2 198 200
3 198 204
8 200 210
12 201 216
7 203 213
10 205 218
5 209 215
4 210 217
2 210 212
1 215 219
10 215 228
13 216 231
6 219 227
9 219 228
2 222 225
10 222 234
12 224 237
12 225 240
2 227 233
8 228 240
10 233 247
3 233 238
12 235 250
3 236 241
2 239 244
12 242 255
3 244 249
8 247 257
4 248 253
13 250 265
6 253 260
10 253 265
9 256 268
3 258 262
7 260 267
12 262 278
1 263 268
2 264 267
7 265 276
4 265 270
10 269 279
10 270 282
8 271 281
11 272 286
6 278 286
6 279 287
14 280 296
14 282 296
8 283 293
3 285 289
12 288 302
5 289 295
2 292 295
4 293 299
14 295 312
10 298 311
5 301 309
1 302 303
6 303 312
9 304 316
12 306 322
5 307 313
9 308 317
3 310 314
2 310 314
3 311 317
12 313 327
3 316 321
5 316 325
7 322 332
8 323 335
4 326 330
4 327 335
4 327 331
7 328 339
2 330 332
7 331 338
10 333 345
9 335 344
5 335 340
4 336 340
9 336 348
4 339 347
1 341 346
13 341 358
3 342 346
5 343 352
12 344 360
7 346 355
4 348 356
7 351 358
2 352 357
1 354 355
5 356 365
