250
2 0 3
11 0 11
6 0 9
10 0 10
3 4 7
11 5 16
2 7 11
1 7 9
13 9 25
5 12 20
3 13 19
7 14 23
7 16 26
10 16 27
6 17 26
10 24 34
7 26 33
14 26 40
13 29 45
13 30 45
5 35 44
3 35 41
6 38 48
12 43 58
14 43 58
4 46 51
12 51 67
4 51 55
7 52 63
1 54 55
5 55 62
3 57 61
12 58 72
11 58 73
9 59 68
6 63 73
9 65 77
12 67 83
9 69 82
3 70 73
2 73 79
10 74 85
7 75 83
3 77 82
14 78 96
5 81 87
7 83 93
7 83 92
11 88 100
11 90 103
10 90 100
13 97 110
4 98 106
3 99 103
8 101 111
1 101 106
8 102 110
2 103 109
11 105 116
10 107 118
2 109 112
14 110 124
1 112 117
3 113 118
10 113 126
2 118 120
11 119 134
4 120 127
1 120 123
9 120 130
2 121 125
1 122 125
9 129 139
9 130 142
6 130 138
14 131 149
1 131 133
14 137 155
2 139 145
13 140 157
2 140 146
3 142 147
14 143 160
10 144 156
1 150 151
1 150 152
12 153 166
8 155 163
1 156 157
4 157 161
9 157 168
7 158 168
6 159 167
11 164 175
13 166 182
14 170 184
11 172 187
1 174 179
2 176 178
4 177 181
14 178 194
7 178 186
9 180 189
9 184 196
6 187 194
2 188 191
8 190 198
12 190 204
13 193 210
8 194 203
14 198 213
1 202 206
2 202 205
11 203 216
2 203 208
13 205 222
2 207 209
13 208 224
12 214 226
14 216 233
5 217 225
11 217 232
2 221 224
6 224 231
11 227 239
2 229 235
1 229 233
8 230 241
9 231 240
14 232 246
14 237 254
2 240 242
10 240 250
14 242 256
4 244 250
3 245 248
13 248 264
13 249 263
13 251 264
8 256 265
13 260 274
13 261 274
5 266 274
3 266 271
4 268 273
5 269 274
6 271 278
6 274 280
13 275 288
7 276 284
10 279 293
5 281 286
11 282 293
4 285 292
9 285 296
3 286 290
5 286 293
11 290 303
2 292 295
11 294 309
2 294 300
7 296 307
13 297 312
12 298 311
7 305 315
3 305 312
4 307 311
1 308 311
12 308 322
1 311 312
11 311 322
4 317 323
11 318 332
1 320 325
13 320 333
14 321 338
11 325 338
7 327 335
13 331 348
10 335 347
7 337 344
13 337 350
7 341 348
1 343 345
8 344 353
1 344 346
6 345 352
7 346 353
11 350 361
4 352 358
5 354 363
3 354 359
7 354 362
8 355 367
13 360 377
7 361 370
8 363 373
8 364 373
3 367 370
11 369 380
3 371 375
12 373 388
5 375 380
7 377 384
9 377 390
12 379 392
2 380 386
9 384 396
14 384 398
11 385 399
2 386 391
8 388 399
7 391 401
13 395 408
9 396 409
2 398 401
1 400 401
5 400 409
3 406 410
11 406 418
13 407 420
10 409 423
10 409 421
1 413 418
14 414 432
8 415 427
14 423 441
10 423 435
4 426 432
2 427 429
2 428 431
4 428 433
2 429 432
11 430 445
13 433 446
14 435 451
12 435 450
1 439 444
7 441 451
14 442 460
7 447 456
12 447 462
13 451 468
12 453 468
6 457 467
7 460 468
1 465 469
11 465 477
4 466 471
4 467 474
