300
6 0 9
9 0 12
3 2 5
5 4 11
10 4 14
5 5 10
4 8 12
6 8 18
7 8 18
7 9 19
9 13 25
3 13 20
14 13 28
9 20 33
10 24 34
6 26 34
6 26 34
13 29 42
10 31 45
3 33 36
12 34 46
12 37 51
7 40 47
12 43 56
7 44 51
6 46 54
5 49 54
7 49 56
3 50 56
7 51 59
12 51 63
12 55 71
3 57 60
4 59 67
5 60 65
11 64 79
2 65 67
12 65 78
13 67 81
12 71 84
6 74 84
9 74 86
14 76 92
10 79 91
13 84 97
10 89 100
12 90 103
8 90 101
9 92 102
13 101 118
3 101 107
13 104 117
1 104 109
10 105 115
2 108 110
13 109 126
7 110 117
5 110 115
4 111 119
1 113 118
5 115 120
4 118 126
8 118 129
7 118 125
1 119 123
1 119 120
10 122 136
8 124 133
6 126 136
12 127 139
9 131 144
2 131 134
2 133 139
2 135 138
11 136 147
12 137 153
12 144 159
10 144 157
9 146 157
2 148 153
9 152 165
5 153 158
4 153 158
10 155 169
2 156 159
6 157 165
4 157 163
5 158 164
8 161 172
1 164 169
13 164 179
6 167 176
10 169 181
12 173 185
13 176 189
4 176 182
14 177 194
6 182 188
13 185 200
12 186 198
12 186 202
12 194 210
2 195 198
5 196 201
14 196 213
8 199 211
2 201 204
9 203 214
9 203 214
1 204 207
12 208 224
1 209 214
7 210 219
7 210 219
1 211 216
4 214 220
4 215 222
14 218 233
11 219 231
7 224 231
13 226 242
13 226 239
10 227 240
6 233 239
1 236 237
14 237 255
12 238 250
13 238 252
14 247 262
13 249 265
2 250 256
10 254 267
11 257 270
9 257 267
6 258 265
8 259 267
5 262 268
5 262 269
11 263 277
10 267 281
7 271 282
3 271 274
9 273 285
3 274 277
12 277 292
2 279 284
11 280 292
10 283 297
8 285 295
6 286 294
14 290 306
2 291 297
5 291 299
7 292 299
10 295 307
11 297 309
10 302 316
9 303 312
2 303 307
9 304 316
14 307 324
4 310 318
6 312 321
10 313 326
2 316 321
2 318 323
3 318 324
4 321 326
5 322 327
7 323 331
6 325 331
3 326 330
13 327 341
14 329 346
9 330 339
1 333 338
10 333 347
2 334 338
7 337 346
8 340 351
12 342 358
11 342 357
4 345 352
8 347 358
1 349 351
9 351 364
10 351 365
3 353 357
13 356 369
8 357 368
11 359 370
8 361 370
6 363 371
14 367 382
12 368 382
1 369 372
2 372 376
14 372 390
6 375 382
6 381 391
14 383 400
13 384 397
9 387 396
13 388 404
13 395 411
2 395 400
10 396 410
6 397 405
2 400 404
6 403 411
3 403 406
11 403 418
1 405 410
1 406 408
4 407 413
13 410 425
7 410 420
9 411 424
3 411 418
11 413 425
5 420 427
11 422 436
6 423 429
2 424 429
5 424 429
12 425 440
6 426 434
5 426 435
7 430 439
5 432 440
5 432 440
9 433 445
8 437 446
4 439 445
12 439 454
14 440 455
9 449 462
1 450 452
1 451 456
4 451 457
9 451 463
9 452 462
1 452 455
3 454 457
10 456 468
7 458 466
11 459 470
6 463 470
7 464 471
5 466 473
11 469 481
12 472 484
8 473 481
12 475 491
14 480 495
14 481 496
11 483 498
9 487 499
9 488 500
12 494 507
5 496 505
14 497 512
9 497 510
1 499 503
9 502 514
8 505 515
14 507 524
4 510 514
9 511 521
12 515 531
10 517 527
5 520 528
3 522 525
7 523 533
11 523 538
2 523 529
10 524 534
11 527 539
11 535 546
6 538 544
12 538 550
9 538 551
7 544 551
2 545 550
2 546 548
7 546 557
14 546 560
7 547 554
3 554 561
14 554 571
6 557 567
12 557 573
5 560 568
11 562 576
4 566 572
7 566 576
6 567 574
6 567 575
7 568 577
7 573 581
