350
6 0 9
3 1 7
14 2 18
5 4 12
9 6 16
6 8 14
14 9 26
6 10 16
6 14 22
8 16 25
11 18 30
5 18 24
5 19 24
9 25 34
3 25 28
8 26 38
7 27 36
6 30 36
4 32 38
4 34 41
7 35 46
11 35 50
14 35 53
6 39 45
10 39 50
11 46 58
1 47 52
6 49 56
11 51 62
3 52 59
7 53 61
2 54 56
7 54 61
8 55 63
3 57 64
13 57 71
2 63 69
6 65 74
11 66 81
12 69 85
6 71 79
13 72 87
8 76 85
8 77 87
12 78 91
7 81 91
6 82 89
10 85 98
9 86 97
2 91 96
9 91 103
8 94 105
4 97 105
9 97 107
11 99 111
9 101 114
14 103 121
8 108 118
1 109 113
14 109 124
9 109 118
1 112 115
6 116 125
3 116 119
3 118 121
5 119 128
5 119 126
11 119 132
3 121 124
14 121 135
2 123 129
4 128 136
12 129 144
4 130 135
4 133 141
5 133 138
10 137 151
7 138 149
6 138 148
9 140 151
11 143 155
10 147 159
13 148 161
2 149 152
10 153 167
3 154 161
2 157 163
9 157 168
3 158 163
7 160 168
7 160 169
13 161 176
5 163 168
14 167 182
14 171 187
12 176 188
8 178 187
7 179 187
2 182 184
9 183 194
12 185 199
2 186 191
7 187 197
5 187 196
11 190 201
12 192 206
13 192 209
13 197 211
1 199 201
1 203 204
3 204 211
14 206 221
8 209 221
8 210 218
8 211 219
3 212 217
3 213 217
8 215 223
3 216 222
14 216 233
5 221 228
5 223 229
4 223 229
9 223 233
4 226 231
9 228 241
10 230 243
6 233 241
5 237 245
10 238 251
3 238 241
11 238 250
6 239 247
1 240 245
2 242 246
9 242 255
8 246 257
7 246 256
4 247 255
9 251 260
10 254 266
4 255 262
9 258 268
1 259 260
11 259 272
9 261 273
14 262 276
8 270 278
1 270 273
3 272 279
2 273 278
8 273 281
4 273 277
8 274 284
14 278 293
10 278 292
4 283 290
14 285 302
11 288 303
12 290 302
1 290 292
11 291 303
1 292 293
9 296 305
14 301 318
14 304 320
8 306 316
4 306 313
14 310 324
1 312 315
8 312 321
12 313 328
1 314 318
2 317 321
7 319 327
4 319 324
12 321 335
2 323 329
7 325 332
6 326 335
4 326 332
9 327 338
9 330 340
12 331 347
7 333 342
2 340 344
8 340 348
11 340 354
5 340 348
5 344 350
8 347 356
11 348 361
7 349 360
13 353 367
13 353 368
4 358 363
13 359 375
14 362 377
13 365 381
9 368 378
9 368 379
6 371 377
9 372 384
4 378 382
7 380 390
1 380 384
4 380 388
8 380 391
3 382 389
1 384 386
9 384 394
1 386 391
6 388 397
14 389 405
12 391 406
1 392 395
7 392 403
5 394 401
14 395 413
2 399 402
10 401 413
11 403 415
1 407 409
3 407 412
1 407 412
5 407 416
1 411 416
12 412 424
6 414 421
5 415 421
10 417 427
12 418 433
11 418 433
11 420 432
12 425 437
6 429 435
10 430 444
11 433 444
5 434 439
10 437 448
9 438 447
5 439 448
12 442 454
4 444 450
11 444 455
11 450 464
7 451 460
2 453 457
2 457 462
2 458 464
3 458 463
11 459 470
3 461 464
10 462 474
9 463 474
4 466 472
8 468 476
2 469 471
12 469 481
13 469 484
11 472 483
5 476 481
14 477 495
4 478 484
1 479 480
4 480 485
13 482 497
14 491 508
4 493 498
9 495 505
9 497 506
6 498 508
13 499 514
12 500 514
4 504 512
4 507 514
14 507 521
8 508 518
1 514 515
11 515 527
9 516 529
10 517 528
7 521 528
14 522 536
8 524 532
6 530 539
3 531 534
13 531 545
7 532 540
11 532 546
2 536 542
7 537 544
7 537 548
11 543 558
10 545 558
1 547 548
1 548 549
7 549 558
14 550 565
8 551 563
5 554 561
12 555 571
14 556 572
1 562 566
12 565 581
1 567 570
14 567 585
4 567 574
11 568 581
5 569 576
8 571 580
2 573 579
5 575 580
3 577 580
12 578 592
2 579 581
13 581 594
5 583 590
13 584 599
6 587 596
3 593 599
13 595 611
3 597 602
6 597 606
8 598 610
11 602 613
9 602 613
13 603 620
9 607 620
10 610 623
14 611 628
9 617 626
7 618 625
7 619 627
13 622 638
14 625 643
6 630 640
11 631 645
11 633 647
8 633 642
4 636 641
6 640 650
3 640 645
8 641 653
6 642 648
7 645 655
13 648 664
13 648 663
10 652 666
4 656 663
