400
4 0 4
7 1 10
10 3 13
12 3 17
4 3 8
6 8 14
14 9 24
14 15 32
2 15 17
6 16 25
4 17 21
4 17 21
12 18 32
1 19 21
1 21 24
2 22 26
8 24 34
3 24 28
9 26 39
4 28 35
7 29 37
12 29 45
12 32 44
9 35 45
11 38 49
4 41 48
7 43 52
6 44 50
10 44 56
8 48 60
4 50 58
13 55 71
14 57 73
2 58 64
11 58 73
5 59 68
4 64 72
13 67 84
4 68 72
4 71 77
14 71 85
2 73 75
11 73 85
12 77 89
9 80 92
5 80 86
11 84 97
4 86 93
7 89 98
7 89 98
11 93 107
5 96 105
12 97 110
1 99 103
11 100 115
9 101 113
8 102 112
2 102 107
4 107 113
14 108 124
13 108 121
5 109 116
3 112 118
4 113 121
11 118 129
5 119 128
8 121 131
13 121 136
8 125 136
11 126 138
2 128 134
12 131 145
6 133 141
1 135 138
7 135 145
2 136 139
7 136 146
2 138 140
1 139 141
11 140 151
8 142 151
1 146 148
14 147 161
3 149 154
12 149 163
6 151 159
11 154 169
9 159 168
12 160 173
11 161 176
9 164 174
12 165 177
9 166 176
5 168 177
12 171 184
5 175 181
5 179 187
5 180 189
12 181 193
10 182 193
5 185 191
14 186 202
4 188 192
3 188 194
7 190 199
11 197 208
4 200 205
8 200 212
13 200 214
4 202 207
4 203 209
13 207 223
12 208 224
13 208 223
1 212 213
1 214 219
6 214 223
5 216 221
12 219 231
9 220 232
10 221 232
7 225 234
4 228 232
9 229 242
12 230 245
6 232 242
5 233 239
2 235 239
11 237 250
9 238 249
7 240 248
3 242 246
9 244 253
2 245 248
5 246 253
11 249 262
2 253 256
12 253 267
11 254 267
12 258 273
4 259 267
13 263 279
4 264 269
10 267 277
8 268 279
14 270 288
3 271 276
1 272 273
6 277 283
11 279 293
2 280 284
13 281 298
12 282 297
5 284 290
5 285 291
9 285 296
1 286 291
3 286 289
1 287 290
10 292 302
13 293 306
14 293 310
11 301 316
10 301 315
3 303 308
2 303 306
11 307 320
3 309 312
11 309 324
3 310 315
10 312 323
2 314 318
10 318 329
1 319 324
11 322 333
12 323 338
13 324 340
1 325 328
7 326 337
1 328 330
4 328 332
5 328 335
13 333 346
6 336 343
12 337 353
6 341 347
5 345 354
2 346 348
4 346 353
6 347 356
13 348 362
1 349 350
5 352 357
10 353 365
14 355 372
4 355 361
1 359 363
5 359 364
10 360 374
6 362 371
3 365 370
2 367 373
14 367 381
4 368 372
6 370 376
11 371 385
3 374 377
10 374 388
7 376 383
3 378 381
13 380 395
12 382 398
5 386 393
2 387 392
7 389 397
6 389 395
8 389 399
8 392 400
4 396 402
11 397 409
4 398 405
10 400 411
9 404 413
10 404 416
10 405 416
9 409 418
5 409 414
2 410 412
4 412 416
5 413 420
11 415 429
8 416 425
12 420 436
2 424 427
5 424 432
12 426 442
4 427 435
8 429 437
7 432 440
13 433 447
5 435 441
8 440 449
7 440 449
1 442 447
2 442 444
1 442 446
12 443 456
1 445 450
10 445 458
9 446 459
11 449 463
6 450 457
13 454 471
13 458 474
10 460 473
7 464 475
14 465 480
7 469 479
8 470 480
9 472 484
4 473 480
7 475 484
8 480 490
10 480 490
11 483 494
5 483 492
7 484 491
2 486 491
8 488 498
10 489 503
14 495 510
14 495 510
12 498 511
5 499 504
14 502 519
7 505 516
1 508 510
14 511 525
7 512 519
6 513 520
8 513 525
1 519 523
14 521 538
10 524 537
14 524 542
12 530 544
7 530 537
2 532 535
9 533 544
1 536 541
14 537 553
1 537 542
11 538 553
8 544 554
6 545 554
11 546 557
13 547 562
13 552 567
9 552 563
12 557 570
8 558 566
7 560 570
8 563 571
5 566 575
8 568 579
11 572 585
11 572 586
12 573 588
13 579 594
11 581 592
10 583 593
6 588 594
10 589 603
7 591 602
3 591 595
1 592 594
4 595 602
2 595 601
7 595 604
1 596 597
3 596 602
11 598 613
10 603 617
10 603 615
2 605 609
5 605 611
7 605 615
9 611 623
10 612 624
10 612 626
3 613 619
2 616 619
14 619 634
9 621 631
14 623 637
14 625 642
6 629 636
9 629 642
4 631 638
8 636 646
12 637 649
13 637 654
9 640 652
7 644 654
13 644 661
5 648 656
5 652 660
6 654 664
1 654 655
14 655 672
4 655 659
1 658 659
3 658 662
14 658 676
5 661 666
4 665 671
4 667 673
11 668 680
8 669 679
9 672 683
13 674 689
7 677 686
14 680 697
8 684 692
6 684 690
9 684 697
11 690 701
10 690 701
11 695 709
11 697 711
14 699 715
1 702 706
14 704 719
9 705 716
10 707 721
3 709 716
1 710 712
10 711 725
1 712 713
12 713 728
14 719 734
1 722 724
8 723 731
5 724 731
6 724 733
8 725 733
10 728 741
2 733 736
6 734 743
13 734 751
8 737 748
12 737 752
11 740 755
10 745 758
11 745 759
9 749 758
4 749 754
4 751 758
10 754 766
2 756 760
