450
5 0 9
12 0 16
8 0 11
11 7 22
8 8 18
5 11 20
13 12 27
14 14 31
7 16 24
4 19 23
7 19 29
3 20 24
9 23 36
6 24 34
9 25 37
4 26 34
9 27 36
3 29 32
11 33 45
4 35 41
10 38 49
10 38 48
6 39 46
11 43 54
4 46 51
2 48 50
2 49 52
5 50 56
6 51 61
8 51 63
7 53 60
1 54 59
5 55 63
6 55 62
1 56 59
13 58 73
10 61 74
4 62 69
12 64 80
10 65 75
9 69 78
10 69 81
3 73 76
1 74 76
9 74 87
9 79 89
11 80 95
10 81 94
10 83 96
8 84 95
2 87 91
2 88 93
9 89 99
8 90 98
8 91 100
1 93 96
6 97 106
11 97 112
13 98 115
3 104 107
14 104 118
1 106 109
7 108 117
8 108 116
4 111 115
7 113 120
7 114 121
14 114 129
1 116 120
14 122 137
3 122 125
1 123 125
9 129 140
13 129 142
14 130 144
5 135 141
7 138 147
14 140 154
10 140 154
6 142 148
4 142 150
2 148 151
13 148 162
10 153 167
12 154 166
11 156 169
2 157 161
11 160 173
7 161 171
11 163 174
8 163 172
9 166 178
9 166 179
13 175 192
13 176 191
12 179 195
2 179 181
6 182 192
14 183 197
14 186 201
8 188 196
11 195 206
7 196 203
4 196 201
6 197 204
1 200 204
11 201 212
4 202 209
13 203 218
3 204 211
11 208 221
11 210 222
1 211 212
14 215 232
9 220 231
3 220 226
11 222 234
5 224 233
9 226 238
4 226 231
13 230 246
14 230 245
5 231 238
4 232 237
2 233 236
9 236 245
1 240 243
14 241 258
1 242 246
9 242 251
11 245 258
10 245 258
4 249 256
2 249 251
5 253 260
12 254 268
12 256 269
12 262 277
12 265 278
4 266 271
10 267 279
13 270 285
3 271 274
10 274 287
10 278 289
10 278 292
5 281 289
4 281 285
7 283 294
8 284 294
4 287 294
14 287 305
4 288 294
10 289 299
4 292 300
14 296 310
6 298 306
3 299 304
13 301 314
9 305 318
6 308 316
9 310 322
5 310 316
6 312 318
8 313 323
9 316 329
9 317 330
10 320 331
12 322 335
14 325 340
5 328 336
2 329 332
5 332 341
5 333 339
12 333 346
10 334 348
5 335 342
12 339 355
12 343 359
4 344 349
7 344 353
2 348 352
3 348 353
1 350 351
12 350 364
12 351 366
6 354 364
2 354 358
1 357 358
8 359 367
6 360 368
3 364 367
5 364 370
7 366 375
1 368 370
12 368 384
13 368 383
12 368 381
2 376 378
5 377 382
14 378 395
9 380 393
11 382 396
11 383 398
6 387 395
9 389 402
4 393 398
5 393 400
14 396 414
5 397 405
14 399 414
7 402 410
5 403 408
3 404 409
3 404 407
9 407 418
11 408 423
7 411 421
9 411 421
11 413 427
2 417 422
12 417 431
6 421 428
3 421 426
4 423 428
6 424 434
7 426 436
13 427 442
11 429 443
2 434 438
5 435 444
8 436 447
6 437 445
10 441 452
1 442 445
11 443 457
11 447 459
11 448 463
14 451 469
10 451 464
14 457 475
5 460 466
12 461 476
5 465 471
9 465 476
5 466 471
9 471 482
13 472 485
9 474 483
3 475 478
5 478 486
6 478 485
9 479 492
2 480 486
6 480 487
14 482 496
4 490 497
5 490 498
9 490 499
4 492 497
8 492 503
8 495 506
11 497 512
5 500 507
10 504 516
4 505 509
11 505 517
7 507 518
8 508 517
2 510 516
8 512 524
5 513 522
14 517 531
7 517 527
7 522 531
13 524 540
1 524 525
10 524 538
8 527 537
3 530 537
7 532 539
9 533 546
10 533 544
14 538 553
5 544 550
12 544 556
12 546 560
13 548 562
6 554 563
9 556 566
9 556 567
6 558 568
5 559 566
4 560 567
11 562 573
11 565 580
5 566 572
2 566 570
8 568 579
9 570 580
2 574 579
11 576 590
12 577 591
5 578 587
10 579 590
1 584 585
7 584 593
9 585 594
1 590 595
7 590 600
7 591 600
7 592 602
11 594 605
1 594 599
1 595 597
6 597 603
8 599 610
6 600 609
14 602 619
13 602 618
7 605 613
1 610 615
1 610 615
13 610 625
12 613 626
6 613 619
3 615 622
1 615 618
5 616 621
4 620 626
8 621 629
4 621 627
6 623 633
10 628 642
14 629 646
8 629 637
14 631 649
2 635 639
12 635 650
11 642 655
8 643 652
1 643 647
13 646 661
14 652 669
5 655 660
7 655 666
6 656 662
1 657 661
7 658 667
8 659 669
5 660 668
1 660 661
5 660 667
2 663 669
11 663 675
6 669 678
8 670 679
13 672 685
9 673 684
6 675 683
1 675 679
8 680 690
7 681 689
9 682 692
6 685 691
1 686 690
8 687 697
11 688 699
4 689 695
1 690 691
8 691 700
9 692 703
1 693 697
14 696 713
12 697 709
9 699 709
9 704 717
9 705 718
1 706 708
4 707 711
5 708 717
3 712 717
8 712 722
6 713 720
6 715 724
13 715 730
6 716 724
1 717 722
10 719 732
13 725 742
11 727 740
7 729 739
9 734 745
12 737 750
13 738 752
6 741 749
7 741 752
13 743 758
8 750 761
14 751 766
2 751 756
9 754 765
8 755 764
3 756 763
6 758 765
10 760 773
3 761 766
12 763 775
10 765 779
4 768 774
4 769 773
3 772 775
2 773 776
13 774 788
6 776 783
6 776 786
5 777 783
13 780 797
6 782 788
12 783 796
2 787 793
8 787 797
9 787 797
4 790 794
4 791 797
11 797 810
11 799 812
3 801 808
9 801 814
7 802 809
5 806 812
10 806 819
4 809 814
12 811 823
9 812 821
10 813 823
4 815 823
11 817 828
10 820 834
14 824 842
10 826 840
10 826 836
4 829 833
6 835 841
14 836 854
11 836 851
3 836 843
14 840 857
12 843 858
1 844 846
