500
7 0 11
10 0 12
4 1 5
5 1 6
9 2 14
5 5 12
9 6 15
14 7 23
10 10 24
2 14 19
3 15 18
2 16 21
7 19 30
6 19 29
2 22 24
10 22 34
12 24 38
14 25 40
5 27 34
10 32 45
13 33 48
6 38 48
14 38 54
5 40 45
6 41 49
10 43 55
10 49 59
8 50 62
5 51 57
9 55 64
7 55 63
10 56 67
7 60 67
4 64 69
5 65 70
14 68 84
14 71 88
8 74 82
10 75 85
1 75 77
13 77 94
8 79 90
11 80 92
10 83 94
6 86 93
1 87 89
9 88 98
11 93 107
8 93 101
7 93 102
1 101 106
12 101 116
13 101 116
12 106 118
11 107 119
6 109 118
4 112 117
1 114 116
5 114 119
14 114 132
13 114 129
4 120 127
9 120 130
2 124 129
4 124 128
2 124 129
1 125 126
6 126 134
5 126 133
8 130 142
5 131 140
6 133 142
6 133 143
1 134 137
3 135 141
2 137 143
6 137 146
12 137 151
11 140 152
10 146 159
6 146 156
7 147 154
7 149 157
10 151 162
11 154 169
1 155 160
6 157 163
2 157 162
4 159 166
5 160 169
9 160 172
11 161 175
14 166 183
9 167 179
13 168 184
4 174 178
11 174 188
3 177 180
7 180 187
4 180 186
3 181 184
12 184 196
10 185 195
4 186 194
5 187 195
10 189 201
10 190 204
2 197 201
4 198 206
11 199 210
4 199 205
2 200 205
1 201 205
3 201 208
13 203 216
11 205 218
6 207 213
4 211 217
6 212 220
9 213 225
3 214 219
2 214 216
2 216 218
13 219 235
7 221 231
3 221 226
12 222 238
9 224 237
4 225 230
6 226 236
12 228 244
12 231 246
9 232 243
6 235 242
7 236 247
12 241 257
1 244 248
13 244 260
1 246 251
8 247 255
5 248 256
11 249 264
1 253 257
6 254 263
7 254 265
14 254 271
7 258 267
10 261 274
4 262 269
4 270 278
11 270 281
8 271 280
13 271 288
4 272 277
14 274 292
1 276 280
12 278 290
6 279 287
1 285 290
13 286 299
12 288 303
2 292 295
7 293 301
7 293 300
1 295 299
13 297 310
5 297 303
12 297 310
11 299 313
13 303 318
8 307 315
6 310 320
9 312 323
5 313 321
2 316 322
4 319 327
13 321 337
13 324 340
1 324 325
9 326 336
7 327 336
12 328 341
11 330 341
7 332 340
7 337 347
14 337 352
5 343 350
5 343 348
7 344 353
12 345 359
12 345 360
4 348 355
8 350 362
8 353 363
14 357 372
11 363 375
3 363 366
14 365 380
13 369 382
1 370 375
2 370 373
13 370 383
12 373 388
5 375 384
1 375 377
1 377 380
9 379 389
11 380 391
6 383 393
6 384 391
13 386 401
11 387 400
12 389 401
14 396 410
13 397 414
11 403 418
7 404 414
6 408 416
13 409 423
6 412 420
10 415 427
14 418 433
14 420 434
14 421 438
5 422 429
13 425 441
12 427 443
14 431 448
11 436 451
4 436 442
14 444 460
13 446 460
6 447 453
1 449 453
10 451 461
9 453 466
9 454 465
14 459 475
9 460 472
13 463 476
5 464 470
8 470 478
8 470 478
11 471 484
4 475 479
14 477 495
2 479 485
12 480 492
8 483 494
9 483 492
2 487 490
6 488 497
5 491 498
14 491 505
14 496 514
11 496 510
3 499 505
9 500 510
14 502 518
11 504 516
12 505 518
12 511 527
2 512 514
12 513 528
14 514 530
2 517 523
8 519 529
2 523 529
9 525 537
10 526 540
11 527 538
7 528 537
3 534 541
7 535 543
2 539 545
7 539 550
2 539 544
12 540 553
11 541 555
13 544 558
14 545 560
1 547 550
5 548 554
5 554 562
5 554 561
10 554 564
1 555 559
10 558 571
13 559 574
10 565 579
3 567 572
13 567 581
11 569 580
13 573 586
13 574 589
1 576 580
3 579 585
12 580 592
8 582 591
12 586 599
6 589 598
11 589 602
7 590 599
13 593 610
5 594 603
3 595 602
5 601 608
1 602 604
7 603 610
9 604 616
1 604 606
4 606 614
9 606 618
14 608 624
1 608 610
14 611 627
1 613 616
5 613 621
10 618 632
13 618 632
1 622 626
9 623 636
4 624 632
8 625 633
6 629 637
8 630 638
2 632 636
2 633 638
5 634 641
4 634 639
9 636 645
12 638 651
5 641 648
10 641 652
4 645 652
8 645 655
8 645 655
2 646 650
11 648 662
13 653 667
12 655 667
2 658 663
11 660 675
13 660 676
14 662 680
2 663 668
2 667 669
6 671 677
4 671 675
1 672 676
1 672 677
14 673 689
14 674 690
8 682 692
11 683 698
2 687 692
4 687 695
9 688 701
5 688 696
1 691 696
1 692 694
3 692 695
8 693 705
3 694 699
6 694 701
12 695 708
10 696 710
10 700 714
10 701 712
7 705 716
9 706 718
13 707 724
2 714 719
8 715 723
14 717 733
3 719 726
10 720 730
7 720 731
7 721 730
11 727 739
5 728 735
11 729 742
10 733 744
3 735 739
9 735 747
6 737 744
7 738 746
12 741 756
3 744 748
11 744 759
14 745 762
3 747 752
10 752 762
13 752 766
12 755 769
10 761 772
6 763 773
13 764 779
10 765 779
5 766 771
3 771 774
7 774 785
8 774 783
11 776 791
1 779 782
10 782 793
14 783 799
4 785 789
13 786 801
7 790 798
13 791 804
14 791 808
6 795 802
1 799 800
4 801 806
3 801 804
13 801 814
4 803 811
9 804 814
4 808 814
10 808 821
7 809 817
6 813 819
11 817 829
8 819 830
5 820 826
9 821 831
10 822 835
2 827 829
14 828 843
10 829 839
9 831 844
8 833 843
2 834 837
7 835 843
14 839 856
4 840 848
2 841 844
6 841 847
3 842 846
2 845 848
6 848 856
5 850 855
12 850 866
7 852 859
14 854 868
1 854 858
8 856 864
9 859 871
7 859 866
1 862 866
7 862 870
10 865 875
4 868 873
14 869 886
9 869 882
12 872 885
3 874 879
2 879 882
11 879 892
10 880 893
10 884 898
9 890 901
11 891 903
2 892 896
11 892 905
11 893 906
1 897 901
14 899 914
8 903 914
10 903 913
1 906 908
9 906 915
6 906 912
4 907 911
3 907 914
14 908 923
1 909 914
8 914 925
10 917 930
3 918 921
12 921 936
4 922 928
14 924 941
9 926 937
4 929 934
1 929 933
11 932 944
8 934 944
8 936 947
3 938 943
7 939 946
11 944 956
9 944 954
8 945 955
11 945 957
12 950 964
6 953 961
10 958 970
13 959 975
